I , Q   (centre=5000.000 MHz ; BW=5.000 MHz ; fs=10.000 MSa/s)
-1.379606547e-03,-2.466307953e-03
-2.148411702e-03,-1.577083720e-03
-2.929392038e-03,-3.811557835e-04
-3.689273261e-03,7.934784517e-04
-4.214781336e-03,1.415458391e-03
-4.450379405e-03,1.251004054e-03
-4.487569444e-03,3.983768402e-04
-4.292190541e-03,-1.042481163e-03
-4.001107998e-03,-2.662204672e-03
-3.696654458e-03,-4.039261956e-03
-3.409231780e-03,-4.989462439e-03
-3.107032739e-03,-5.497711711e-03
-2.869203687e-03,-5.510655697e-03
-2.618525410e-03,-5.178998690e-03
-2.234967891e-03,-4.665461835e-03
-1.713551581e-03,-3.992535640e-03
-1.191817340e-03,-3.104835050e-03
-5.914823851e-04,-2.158617135e-03
-5.074229193e-06,-1.161656808e-03
4.359375453e-04,-9.834701632e-05
6.013365346e-04,7.377521251e-04
6.274434272e-04,1.565463841e-03
6.715165800e-04,2.186717466e-03
7.158271037e-04,2.503555501e-03
9.521846077e-04,2.468429739e-03
1.337488997e-03,1.905394485e-03
2.077562269e-03,9.715796332e-04
2.872640267e-03,-1.491842413e-04
3.559441306e-03,-1.146723633e-03
4.096702207e-03,-1.653918764e-03
4.393608775e-03,-1.158756553e-03
4.521261901e-03,1.102470051e-04
4.349312279e-03,1.822350896e-03
4.155651201e-03,3.587109968e-03
3.845264204e-03,4.713660106e-03
3.412507009e-03,4.889957607e-03
2.825785661e-03,4.035526421e-03
2.074310789e-03,2.534717554e-03
1.495136647e-03,8.541888092e-04
1.013588044e-03,-2.395947668e-04
8.525749436e-04,-2.292754216e-04
9.207234252e-04,6.803311990e-04
1.012823777e-03,2.229300328e-03
1.061168965e-03,3.745132592e-03
7.676896057e-04,4.440354183e-03
-2.456420589e-05,4.132202826e-03
-1.280348166e-03,2.860816428e-03
-2.558536595e-03,9.930965025e-04
-3.912501503e-03,-7.415447617e-04
-5.063634831e-03,-1.856992254e-03
-5.664767232e-03,-1.941654598e-03
-6.004588678e-03,-1.105797477e-03
-5.928574596e-03,9.624897211e-05
-5.494421814e-03,1.173537807e-03
-4.671509378e-03,1.631343388e-03
-3.584508784e-03,1.252494520e-03
-2.456824062e-03,4.176627044e-05
-1.195092569e-03,-1.651815954e-03
-1.664622541e-04,-3.386903321e-03
4.655427474e-04,-4.876813851e-03
5.928968894e-04,-5.748427939e-03
1.667565521e-04,-5.980176385e-03
-5.303827347e-04,-5.831267219e-03
-1.276313444e-03,-5.423947703e-03
-1.834065770e-03,-4.786664154e-03
-2.099914476e-03,-4.018457141e-03
-2.117078518e-03,-3.038860625e-03
-1.761934720e-03,-1.824415638e-03
-1.072475687e-03,-7.243236760e-04
-1.961006928e-04,2.442417899e-04
1.021823497e-03,9.466451593e-04
2.361823572e-03,1.202435698e-03
3.696673317e-03,1.047337078e-03
4.838042893e-03,8.580051945e-04
5.383729003e-03,8.589687641e-04
5.336290225e-03,1.095810439e-03
4.722308367e-03,1.918353024e-03
3.590717446e-03,2.919817809e-03
2.210778650e-03,3.796748118e-03
1.069926657e-03,4.288990982e-03
2.109958587e-04,4.106631968e-03
-3.278265358e-04,3.206998343e-03
-6.226682453e-04,1.915808767e-03
-8.745332016e-04,8.684906643e-04
-1.098492299e-03,3.206305264e-04
-1.259002252e-03,6.737285294e-04
-1.377413515e-03,1.859408338e-03
-1.506035100e-03,3.456129227e-03
-1.560778823e-03,4.965230823e-03
-1.846896019e-03,5.803674925e-03
-2.339177066e-03,5.658781622e-03
-3.066495759e-03,4.619347863e-03
-3.885260085e-03,2.993956674e-03
-4.591959063e-03,1.287914347e-03
-5.036393180e-03,1.201249033e-04
-4.606479313e-03,-3.046578786e-04
-3.631534288e-03,8.795646863e-06
-2.331363969e-03,7.720376016e-04
-9.431658546e-04,1.659405883e-03
-1.541682868e-04,2.284561284e-03
-9.245160618e-05,2.441743854e-03
-8.200315642e-04,2.285752911e-03
-2.031448064e-03,1.870230888e-03
-3.343798453e-03,1.392493839e-03
-4.410084337e-03,9.957356378e-04
-4.897955805e-03,7.328392821e-04
-4.748434294e-03,5.139069399e-04
-4.079594743e-03,3.112984996e-04
-3.263114020e-03,1.360975730e-04
-2.624083776e-03,-1.311515080e-04
-2.336309990e-03,-2.889842435e-04
-2.370562172e-03,-3.560552141e-04
-2.497232752e-03,-4.090664152e-04
-2.449813299e-03,-3.510141978e-04
-1.992624719e-03,-3.477959253e-04
-9.551607654e-04,-4.138273653e-04
6.458178977e-04,-5.302498466e-04
2.470081672e-03,-6.606371026e-04
4.043762106e-03,-6.470283261e-04
4.870287143e-03,-5.081396666e-04
4.845575895e-03,-2.121872822e-04
4.066764377e-03,2.288292308e-04
2.774853492e-03,7.058400079e-04
1.602132106e-03,1.167642302e-03
8.741439669e-04,1.623198041e-03
8.687896770e-04,2.129590837e-03
1.627142541e-03,2.672561910e-03
2.748632571e-03,3.216126235e-03
3.990489990e-03,3.587874118e-03
4.927817266e-03,3.583763493e-03
5.417306907e-03,3.076554043e-03
5.399701651e-03,2.132771304e-03
4.956192803e-03,9.232534212e-04
4.312126432e-03,-9.734545893e-05
3.364698263e-03,-4.103337997e-04
2.212136053e-03,8.345185051e-05
9.838356636e-04,1.365679665e-03
-2.663139603e-04,3.099371446e-03
-1.378510031e-03,4.674072377e-03
-2.162262565e-03,5.573003553e-03
-2.446950879e-03,5.575400777e-03
-2.277066233e-03,4.687757231e-03
-1.715374296e-03,3.222372849e-03
-9.944160702e-04,1.443444984e-03
-5.056144437e-04,-1.453726290e-04
-1.408205426e-04,-1.223947736e-03
-9.347689047e-05,-1.982153393e-03
-2.584106987e-04,-2.298659179e-03
-4.957033088e-04,-2.280023647e-03
-1.067676698e-03,-2.103113802e-03
-1.669948339e-03,-1.757900114e-03
-2.330974676e-03,-1.108384458e-03
-3.083189949e-03,-3.238867794e-04
-3.742934670e-03,3.864198807e-04
-4.278320353e-03,1.012453577e-03
-4.469214007e-03,1.247548382e-03
-4.264393821e-03,1.154925907e-03
-3.846901935e-03,7.918076008e-04
-3.298965748e-03,2.465297002e-04
-2.840453060e-03,-1.491510193e-04
-2.586912364e-03,-4.596283543e-04
-2.474007197e-03,-6.063965266e-04
-2.379433718e-03,-6.264418480e-04
-2.103949198e-03,-6.244149990e-04
-1.649717917e-03,-5.314222653e-04
-7.768174983e-04,-3.684963158e-04
4.579337838e-04,-1.929583668e-04
1.751316362e-03,-8.341862122e-05
3.133733058e-03,1.054243512e-05
4.261526745e-03,-8.652296674e-05
4.976741504e-03,-4.381115141e-04
5.416528787e-03,-1.042443211e-03
5.438657943e-03,-1.778282458e-03
5.200529937e-03,-2.414279385e-03
4.751244560e-03,-2.933393465e-03
4.087631125e-03,-2.911060117e-03
3.266702406e-03,-2.513243584e-03
2.266115742e-03,-1.905712532e-03
1.366310986e-03,-1.092763036e-03
4.880943452e-04,-4.130299203e-04
-2.986912441e-04,1.418600732e-04
-8.309489349e-04,4.901401699e-04
-1.265657134e-03,7.173697813e-04
-1.423712936e-03,8.280297625e-04
-1.344072632e-03,8.837560890e-04
-1.038223389e-03,9.767868323e-04
-5.126205506e-04,9.932626272e-04
9.851314826e-05,8.592298254e-04
7.198048406e-04,6.407246692e-04
1.175213372e-03,5.163799506e-04
1.342919189e-03,3.188647679e-04
1.079543494e-03,1.941877708e-04
5.343984812e-04,1.454485900e-04
-1.475323807e-04,8.088862523e-05
-7.153808838e-04,-6.830036000e-05
-8.845582488e-04,-4.413867428e-04
-7.979783113e-04,-1.025226898e-03
-5.864603445e-04,-1.681103138e-03
-4.671186616e-04,-2.158488845e-03
-6.911347155e-04,-2.341313055e-03
-1.383774099e-03,-2.054355573e-03
-2.349923598e-03,-1.372799743e-03
-3.387292614e-03,-4.354723496e-04
-4.326646682e-03,5.197643768e-04
-4.572972190e-03,1.210709219e-03
-4.170821980e-03,1.365119591e-03
-3.262596671e-03,1.012263703e-03
-1.905266312e-03,3.443403402e-04
-5.204858608e-04,-4.853602441e-04
7.266495959e-04,-1.186572248e-03
1.727682538e-03,-1.502479776e-03
2.513072686e-03,-1.297308132e-03
3.119417001e-03,-9.374793153e-04
3.465855261e-03,-6.696368800e-04
3.348412225e-03,-5.803987733e-04
2.779666567e-03,-1.080027665e-03
1.813574228e-03,-2.039963612e-03
5.115051172e-04,-3.026718507e-03
-4.878902400e-04,-3.848145483e-03
-8.690839750e-04,-4.169483203e-03
-4.367349902e-04,-3.735221457e-03
9.185114759e-04,-2.623433480e-03
2.706904430e-03,-1.132981852e-03
4.464101978e-03,3.518163867e-04
5.555303302e-03,1.429276075e-03
5.699242465e-03,1.868446125e-03
4.944592249e-03,1.637851121e-03
3.459627507e-03,9.129340760e-04
1.801190083e-03,3.322694465e-05
3.435001709e-04,-6.565644289e-04
-6.736146170e-04,-7.365227211e-04
-1.280590193e-03,-3.093998239e-04
-1.541606849e-03,2.880918619e-04
-1.570742112e-03,9.755241335e-04
-1.418078551e-03,1.442623790e-03
-9.753010818e-04,1.369937439e-03
-3.114646534e-04,9.019074496e-04
5.170492805e-04,3.067037032e-04
1.259633573e-03,-2.474220819e-04
1.577900257e-03,-2.608505019e-04
1.237115124e-03,4.223619471e-04
1.016602182e-04,1.616339083e-03
-1.553525915e-03,3.086555516e-03
-3.146729432e-03,4.313949496e-03
-4.247975070e-03,4.868445452e-03
-4.441916011e-03,4.540414549e-03
-3.700076835e-03,3.328476101e-03
-2.444140846e-03,1.525615226e-03
-1.190592651e-03,-3.579681215e-04
-5.073422217e-04,-1.935668988e-03
-7.617942174e-04,-2.936236793e-03
-1.976314932e-03,-3.254356328e-03
-3.543824656e-03,-3.137601539e-03
-4.932112992e-03,-2.821898088e-03
-5.715310108e-03,-2.656646306e-03
-5.308308639e-03,-2.851090394e-03
-4.049192183e-03,-3.378905123e-03
-2.324690111e-03,-4.008826334e-03
-5.000133533e-04,-4.661745392e-03
6.057841820e-04,-5.153205246e-03
9.415330132e-04,-5.292388145e-03
6.034013350e-04,-5.213768221e-03
-2.201997122e-04,-4.858235363e-03
-1.133504091e-03,-4.546604585e-03
-1.874156413e-03,-4.307569936e-03
-2.318144310e-03,-4.253400490e-03
-2.319354797e-03,-4.420384765e-03
-1.963095507e-03,-4.597237334e-03
-1.407203847e-03,-4.643133376e-03
-6.059883162e-04,-4.243697971e-03
3.269721346e-04,-3.379944712e-03
1.501160208e-03,-2.104210202e-03
2.759175142e-03,-6.514712586e-04
3.896438517e-03,6.122349878e-04
4.891020712e-03,1.450807089e-03
5.613075569e-03,1.627830788e-03
5.965134129e-03,1.235050382e-03
5.900255870e-03,4.495320900e-04
5.520063918e-03,-4.195946094e-04
4.773743916e-03,-1.070059603e-03
3.606599988e-03,-1.341153518e-03
2.239899710e-03,-1.145109767e-03
8.048421005e-04,-7.128698635e-04
-4.943077802e-04,-7.276226825e-05
-1.363837975e-03,6.526436773e-04
-1.520778285e-03,1.444835798e-03
-1.027642982e-03,2.313663485e-03
-3.391521750e-05,3.108053235e-03
1.200071885e-03,3.882991150e-03
1.995615195e-03,4.459640011e-03
2.339286264e-03,4.691943992e-03
2.130948473e-03,4.666131455e-03
1.374328160e-03,4.377318081e-03
6.097239675e-04,3.985263873e-03
-3.785973240e-05,3.635103814e-03
-3.082463809e-04,3.328105900e-03
-1.133561018e-04,3.174103796e-03
2.813562751e-04,3.055839567e-03
4.848998215e-04,2.823459683e-03
1.804460480e-04,2.423839178e-03
-6.000359426e-04,1.714444021e-03
-1.870045788e-03,7.362046745e-04
-3.390064696e-03,-4.419421020e-04
-4.662134685e-03,-1.595681417e-03
-5.312974565e-03,-2.670183778e-03
-5.155696999e-03,-3.588320222e-03
-4.273298662e-03,-4.262329079e-03
-2.807335230e-03,-4.917274695e-03
-1.135606784e-03,-5.265929736e-03
2.499710536e-04,-5.141437985e-03
1.251170179e-03,-4.825639538e-03
1.864207326e-03,-4.152114969e-03
2.151867142e-03,-3.276689444e-03
2.288800199e-03,-2.377611119e-03
2.542786999e-03,-1.455212128e-03
2.883334644e-03,-7.873220020e-04
3.327213461e-03,-2.786459227e-04
3.904806916e-03,-3.226336412e-05
4.328915849e-03,5.074703950e-05
4.540803842e-03,-5.747787145e-05
4.616224207e-03,-5.327988183e-04
4.590729717e-03,-1.143491128e-03
4.557446111e-03,-1.803382998e-03
4.560607020e-03,-2.349420451e-03
4.536674358e-03,-2.725687111e-03
4.515442066e-03,-2.822847338e-03
4.464006983e-03,-2.616109326e-03
4.310617223e-03,-2.235190943e-03
4.145308398e-03,-1.625020755e-03
3.958397079e-03,-1.065203687e-03
3.890638007e-03,-6.737855147e-04
3.991529346e-03,-3.470364609e-04
4.119054414e-03,-6.800131814e-05
4.149309825e-03,1.064354001e-04
3.633841174e-03,1.937415800e-04
2.670126967e-03,2.766523103e-04
1.098938519e-03,3.521296894e-04
-8.534673252e-04,4.682388681e-04
-2.458143746e-03,6.824672455e-04
-3.408529330e-03,1.031435560e-03
-3.421226749e-03,1.501088962e-03
-2.561180387e-03,2.010885393e-03
-1.146614435e-03,2.471439308e-03
1.420072222e-04,2.939417027e-03
8.645841153e-04,3.258614102e-03
6.315540522e-04,3.635644913e-03
-5.457051448e-04,3.999859560e-03
-2.112744842e-03,4.134006333e-03
-3.719281871e-03,4.082201049e-03
-4.771807231e-03,3.509164322e-03
-5.000337493e-03,2.369242720e-03
-4.492401611e-03,7.039270713e-04
-3.494435223e-03,-1.212569885e-03
-2.315747319e-03,-2.946892986e-03
-1.047930447e-03,-4.088039510e-03
-1.758322469e-04,-4.281035624e-03
4.571932950e-04,-3.614113899e-03
9.826062014e-04,-2.470399719e-03
1.184697263e-03,-1.371646300e-03
1.194437500e-03,-6.666796980e-04
9.219670319e-04,-6.203613011e-04
4.520573420e-04,-1.336577698e-03
-2.354129101e-04,-2.413035836e-03
-9.913828690e-04,-3.490509698e-03
-1.655072207e-03,-4.390950315e-03
-2.082807478e-03,-4.961661063e-03
-2.209031722e-03,-5.108301062e-03
-2.073437441e-03,-5.005971529e-03
-1.557650743e-03,-4.754662048e-03
-7.210532203e-04,-4.140922334e-03
3.515743301e-04,-3.213282907e-03
1.523251412e-03,-1.997641986e-03
2.783350181e-03,-5.116949906e-04
4.018623382e-03,8.392794407e-04
4.985631909e-03,1.692053746e-03
5.680725444e-03,1.828877605e-03
5.921768025e-03,1.090641250e-03
5.711161532e-03,-1.258494303e-04
5.196143873e-03,-1.212422736e-03
4.415846895e-03,-1.798641053e-03
3.582016798e-03,-1.380664995e-03
2.648054622e-03,1.583548728e-04
1.682052389e-03,2.298174892e-03
8.113498334e-04,4.311974626e-03
-5.686079749e-05,5.550262518e-03
-8.461194229e-04,5.793260410e-03
-1.557076350e-03,4.853977356e-03
-2.167602535e-03,3.182951594e-03
-2.586580114e-03,1.570238965e-03
-2.890008502e-03,5.441054818e-04
-3.096229164e-03,5.701364134e-04
-3.266128013e-03,1.498839003e-03
-3.414439037e-03,2.904552501e-03
-3.569485387e-03,4.224393051e-03
-3.709560726e-03,4.945987370e-03
-3.904118668e-03,4.793395288e-03
-4.195015877e-03,3.653307445e-03
-4.424808547e-03,1.952738152e-03
-4.733448848e-03,2.033726487e-04
-5.096401088e-03,-1.326557365e-03
-5.345926154e-03,-2.274465049e-03
-5.646302365e-03,-2.567332238e-03
-5.817620549e-03,-2.527189208e-03
-5.749747623e-03,-2.394214971e-03
-5.363104399e-03,-2.417829819e-03
-4.569720943e-03,-2.906892681e-03
-3.503639018e-03,-3.676590044e-03
-2.212824533e-03,-4.592946731e-03
-1.031639753e-03,-5.340438802e-03
1.065635661e-05,-5.569861270e-03
9.251141455e-04,-5.146194249e-03
1.666264841e-03,-4.033575766e-03
2.143332735e-03,-2.653280739e-03
2.481350442e-03,-1.439481508e-03
2.856724663e-03,-7.553054602e-04
3.086299170e-03,-8.600842557e-04
3.179087769e-03,-1.727440394e-03
3.250454552e-03,-2.964242361e-03
3.315052483e-03,-4.135511350e-03
3.411244368e-03,-4.767663311e-03
3.743143752e-03,-4.571372643e-03
4.347100388e-03,-3.596351715e-03
5.016946234e-03,-2.055865014e-03
5.606472958e-03,-3.462152963e-04
5.756331142e-03,1.159535022e-03
5.292259622e-03,2.259123838e-03
4.232239444e-03,2.826416865e-03
2.693703864e-03,3.048719373e-03
1.208179281e-03,3.180554369e-03
2.566828916e-04,3.363027470e-03
3.034142428e-04,3.689031117e-03
1.235885778e-03,4.140604287e-03
2.595076803e-03,4.628404509e-03
3.887011670e-03,4.894666374e-03
4.512689076e-03,4.746891558e-03
3.978532739e-03,4.166008905e-03
2.324372064e-03,3.293834627e-03
8.176202391e-05,2.334245248e-03
-2.111240057e-03,1.479871222e-03
-3.567216452e-03,1.035916503e-03
-3.837731201e-03,1.037573093e-03
-2.948511625e-03,1.419678214e-03
-1.370364684e-03,2.185692312e-03
1.582219702e-04,2.967811888e-03
1.000216464e-03,3.582239849e-03
7.887744578e-04,3.938608337e-03
-4.900119966e-04,3.971986938e-03
-2.371122362e-03,3.692804836e-03
-4.168163519e-03,3.319922602e-03
-5.145135801e-03,2.847036580e-03
-5.124069750e-03,2.317380160e-03
-4.072792828e-03,1.876833499e-03
-2.408721019e-03,1.359281130e-03
-7.890925044e-04,8.336260798e-04
3.014965623e-04,3.302995756e-04
4.620444088e-04,-1.765774869e-06
-1.498203055e-04,-2.074642980e-04
-1.251673326e-03,-2.899288374e-04
-2.346202033e-03,-1.745886111e-04
-3.074826440e-03,-1.042614094e-04
-3.323677229e-03,-1.597836381e-04
-2.991535934e-03,-3.089916136e-04
-2.419595607e-03,-5.083248252e-04
-1.791592222e-03,-6.677429774e-04
-1.162008033e-03,-6.822631112e-04
-7.397979498e-04,-4.587359726e-04
-3.312299377e-04,-1.168117014e-04
6.165971718e-05,2.992466325e-04
3.879435826e-04,6.353846402e-04
6.379336119e-04,6.311648176e-04
5.974916858e-04,3.537862794e-04
3.803203581e-04,-1.148038427e-04
7.607071893e-05,-7.049856358e-04
-9.663819947e-05,-1.300393487e-03
4.397823795e-05,-1.811101101e-03
5.637189024e-04,-2.196514746e-03
1.540211379e-03,-2.349363407e-03
2.782514552e-03,-2.287200652e-03
3.871537279e-03,-2.033940051e-03
4.450227134e-03,-1.446046168e-03
4.387993366e-03,-5.261771730e-04
3.498137696e-03,7.403153577e-04
2.206610981e-03,2.240735106e-03
8.321736241e-04,3.710861318e-03
-5.049261381e-04,4.917592742e-03
-1.237134100e-03,5.650954321e-03
-1.562615857e-03,5.854844116e-03
-1.700498164e-03,5.612534471e-03
-1.657526242e-03,5.294566508e-03
-1.806710497e-03,5.004856270e-03
-2.238632180e-03,4.914521705e-03
-2.840604866e-03,5.111609586e-03
-3.405553056e-03,5.301834084e-03
-3.857482225e-03,5.265056621e-03
-4.062264692e-03,4.857921973e-03
-3.846194595e-03,4.047388677e-03
-3.297741059e-03,2.704079961e-03
-2.518892055e-03,1.218147343e-03
-1.761175343e-03,-3.097510780e-04
-1.224617125e-03,-1.695775194e-03
-9.567224188e-04,-2.716279123e-03
-9.277722565e-04,-3.471304430e-03
-1.063827076e-03,-3.837028751e-03
-1.141222194e-03,-3.987940960e-03
-1.121214824e-03,-3.883124096e-03
-9.204053786e-04,-3.581646364e-03
-4.773478140e-04,-3.057496157e-03
-6.582732749e-05,-2.408293774e-03
4.618403036e-04,-1.850783592e-03
9.919239674e-04,-1.233469695e-03
1.480483566e-03,-8.148813504e-04
1.914579305e-03,-4.997570068e-04
2.219033195e-03,-3.421615984e-04
2.532002516e-03,-5.538267433e-04
2.838392975e-03,-9.147900273e-04
3.125549760e-03,-1.525819302e-03
3.297888208e-03,-2.280972898e-03
3.432291327e-03,-2.994421870e-03
3.583559301e-03,-3.771723481e-03
3.759652609e-03,-4.314077552e-03
3.879924770e-03,-4.481726326e-03
3.906719852e-03,-4.410231486e-03
4.066949710e-03,-3.991994541e-03
4.236948211e-03,-3.417529166e-03
4.254534841e-03,-2.813586500e-03
4.490877967e-03,-2.320579486e-03
4.751168657e-03,-1.948086312e-03
4.877853207e-03,-1.702933223e-03
4.904743284e-03,-1.532958355e-03
4.534761421e-03,-1.287990366e-03
3.864474129e-03,-9.545294452e-04
2.727305749e-03,-4.300421278e-04
1.377337612e-03,1.427714451e-04
1.202150888e-04,7.758681895e-04
-1.070467755e-03,1.192097436e-03
-1.880569151e-03,1.287672319e-03
-2.325971611e-03,1.149329590e-03
-2.529586433e-03,7.560269441e-04
-2.589926589e-03,5.299887853e-04
-2.754305024e-03,5.554453819e-04
-3.029789543e-03,1.098473324e-03
-3.339075483e-03,2.311024349e-03
-3.756790422e-03,3.635478904e-03
-3.997353371e-03,4.635415506e-03
-3.957333975e-03,5.043774378e-03
-3.715157043e-03,4.546343349e-03
-3.257536562e-03,3.018815303e-03
-2.752838191e-03,8.794792811e-04
-2.167189494e-03,-1.044992241e-03
-1.541402773e-03,-2.399906283e-03
-9.690686129e-04,-2.838407177e-03
-4.488248378e-04,-2.215278568e-03
-3.352599015e-05,-1.120170578e-03
1.554166665e-04,8.157690172e-05
1.385088945e-05,7.129268488e-04
-3.866999468e-04,5.227025831e-04
-1.074260450e-03,-3.202033404e-04
-1.917925780e-03,-1.683913171e-03
-2.686023712e-03,-2.993434668e-03
-3.343020100e-03,-4.142374732e-03
-3.791099647e-03,-4.938772414e-03
-3.918881062e-03,-5.222564097e-03
-3.868081607e-03,-5.304197781e-03
-3.438837128e-03,-5.186156835e-03
-2.529624384e-03,-4.869689234e-03
-1.297175186e-03,-4.202971235e-03
3.714867635e-04,-3.168450436e-03
2.125575207e-03,-1.947849058e-03
3.698866349e-03,-7.334753172e-04
4.706316628e-03,2.681414480e-05
4.823669791e-03,1.289917564e-04
4.177035298e-03,-4.476713948e-04
2.956282115e-03,-1.425739727e-03
1.538127544e-03,-2.311318647e-03
3.552909766e-04,-2.710720757e-03
-2.291235287e-04,-2.190249041e-03
-2.176887065e-04,-7.745865732e-04
2.512906503e-04,1.190535724e-03
7.974941982e-04,3.160210093e-03
1.194200129e-03,4.410696682e-03
1.197323552e-03,4.621450324e-03
6.845510215e-04,3.774139564e-03
-2.926819252e-05,2.337539336e-03
-7.499131607e-04,1.073054736e-03
-1.294963295e-03,3.422945156e-04
-1.616652356e-03,5.224225461e-04
-1.709478907e-03,1.684359391e-03
-1.738077844e-03,3.334964858e-03
-1.812031493e-03,4.863556474e-03
-2.079142956e-03,5.731173325e-03
-2.500114031e-03,5.711778533e-03
-2.864480717e-03,4.777403548e-03
-3.282509046e-03,3.277007490e-03
-3.732506186e-03,1.633427222e-03
-4.189082421e-03,3.328295716e-04
-4.680471029e-03,-4.879282205e-04
-5.214029457e-03,-7.927712286e-04
-5.744948518e-03,-7.995589986e-04
-5.997373722e-03,-8.459153469e-04
-5.756739061e-03,-9.775842773e-04
-5.111310631e-03,-1.361051691e-03
-3.990826663e-03,-1.884214696e-03
-2.601081273e-03,-2.573711798e-03
-1.443202957e-03,-3.118633758e-03
-7.213664940e-04,-3.599033691e-03
-6.436438998e-04,-4.118199926e-03
-1.166061731e-03,-4.430870060e-03
-2.044724533e-03,-4.759907257e-03
-2.952228300e-03,-4.855966195e-03
-3.610003274e-03,-4.647186957e-03
-3.892475041e-03,-4.161746241e-03
-3.799463389e-03,-3.261628328e-03
-3.391735489e-03,-2.187870909e-03
-2.671223367e-03,-1.157175866e-03
-1.722940593e-03,-4.012391146e-04
-4.914977471e-04,-3.458450374e-05
9.435930406e-04,4.098306454e-05
2.581111854e-03,-1.899821800e-04
4.068924580e-03,-4.340388405e-04
4.882039968e-03,-4.753589164e-04
4.954911303e-03,-3.223250969e-04
4.163217731e-03,1.357795409e-04
2.783369040e-03,6.840668502e-04
1.341452473e-03,1.267014653e-03
5.763451336e-04,1.867890707e-03
7.865625084e-04,2.379898913e-03
1.777219120e-03,2.851389349e-03
3.458512016e-03,3.197196405e-03
4.959748127e-03,3.410627367e-03
5.677602254e-03,3.362614429e-03
5.348342005e-03,3.009222215e-03
3.822171595e-03,2.449257765e-03
1.782706357e-03,1.655442407e-03
-1.576476207e-04,9.380536503e-04
-1.515908167e-03,6.907075294e-04
-1.910881721e-03,9.418272530e-04
-1.400041161e-03,1.652874402e-03
-2.812471066e-04,2.669011476e-03
9.445993346e-04,3.746248083e-03
1.799851423e-03,4.607262556e-03
2.255369211e-03,4.940035287e-03
2.287646756e-03,4.859778099e-03
1.897177892e-03,4.464082886e-03
1.280647237e-03,3.921519965e-03
5.414093612e-04,3.485416528e-03
-3.772872151e-04,3.247549525e-03
-1.404745039e-03,3.167648101e-03
-2.441596705e-03,3.107255790e-03
-3.472120967e-03,3.101284383e-03
-4.340165295e-03,2.923240187e-03
-4.936318379e-03,2.586019924e-03
-5.090505816e-03,2.210294362e-03
-4.905692767e-03,1.845405553e-03
-4.577211104e-03,1.464828849e-03
-4.121285398e-03,1.109087025e-03
-3.768040100e-03,8.650493110e-04
-3.621737007e-03,4.890816635e-04
-3.466842696e-03,1.558059012e-04
-3.326264210e-03,-1.655129163e-04
-3.157960251e-03,-3.398974077e-04
-2.786326222e-03,-3.111276310e-04
-2.335379599e-03,-2.619090374e-04
-1.727165189e-03,-9.587397653e-05
-1.155704376e-03,-4.001473644e-05
-8.955848753e-04,-1.166265793e-04
-8.347415715e-04,-5.169543438e-04
-9.565183427e-04,-1.201154082e-03
-1.107639284e-03,-2.027992392e-03
-1.030153944e-03,-2.935904544e-03
-6.272582687e-04,-3.639290342e-03
5.437352229e-05,-3.962004557e-03
1.056393841e-03,-3.855825635e-03
2.228294034e-03,-3.424758324e-03
3.327507759e-03,-2.874016995e-03
4.237038549e-03,-2.450169297e-03
4.838450812e-03,-2.283184789e-03
5.205551628e-03,-2.280042507e-03
5.332407542e-03,-2.356003970e-03
5.127321463e-03,-2.309756819e-03
4.577044863e-03,-1.744808629e-03
3.695016727e-03,-6.909638178e-04
2.536540385e-03,9.128201636e-04
1.273356262e-03,2.777492628e-03
1.770806412e-04,4.335090984e-03
-5.467066658e-04,5.372066051e-03
-7.473831647e-04,5.482763983e-03
-5.191140808e-04,4.632291850e-03
2.285539267e-05,3.311853157e-03
6.830273196e-04,1.736834180e-03
1.123070833e-03,3.872173256e-04
1.296154689e-03,-3.185467212e-04
1.044564997e-03,-5.333019653e-04
5.555403186e-04,-3.621547366e-04
4.615222861e-05,-1.396860753e-04
-5.229968810e-04,-6.812947686e-05
-9.461800219e-04,-2.793294552e-04
-1.176010817e-03,-8.883319097e-04
-1.247581677e-03,-1.606741222e-03
-1.230849535e-03,-2.135135001e-03
-1.157080987e-03,-2.349197399e-03
-1.094846870e-03,-2.201237716e-03
-1.090608072e-03,-1.726215822e-03
-9.890238289e-04,-1.019445481e-03
-8.333650185e-04,-3.292410693e-04
-5.602063029e-04,1.234523515e-04
-8.741534839e-05,3.498417791e-04
5.058707320e-04,4.106850538e-04
1.166678732e-03,1.840345649e-04
1.630284823e-03,-2.547510085e-04
1.725954702e-03,-7.304421742e-04
1.295262249e-03,-1.415382489e-03
2.785319812e-04,-2.216949360e-03
-9.940221207e-04,-2.946613124e-03
-2.006456722e-03,-3.677259432e-03
-2.417886863e-03,-4.251971375e-03
-1.946415519e-03,-4.654644057e-03
-6.363529828e-04,-4.944202956e-03
1.154479687e-03,-4.929938819e-03
2.906598384e-03,-4.784580786e-03
3.981157672e-03,-4.480781965e-03
4.363932181e-03,-4.055144731e-03
3.861217992e-03,-3.618333722e-03
2.634797245e-03,-3.122986527e-03
1.363429707e-03,-2.699024742e-03
3.366221790e-04,-2.234578598e-03
-1.974202751e-04,-1.761061372e-03
-2.777487971e-04,-1.269264612e-03
-5.948572652e-05,-7.363945479e-04
2.018489467e-04,-3.202413209e-04
3.085264470e-04,-3.367313548e-05
1.864126680e-04,8.326672832e-05
-1.139494416e-04,3.230133734e-05
-4.415908479e-04,-3.678222856e-05
-7.419339963e-04,-2.179212970e-05
-1.030951389e-03,3.686624696e-04
-1.359096030e-03,1.230678638e-03
-1.736050937e-03,2.452419139e-03
-2.247817116e-03,3.911703825e-03
-2.604541602e-03,5.046954844e-03
-2.641304862e-03,5.556471180e-03
-2.365488093e-03,5.392932799e-03
-1.581844757e-03,4.433827475e-03
-7.159932284e-04,2.871320816e-03
-4.038972475e-05,1.183581771e-03
9.942451288e-05,-2.513096260e-04
-5.467636511e-04,-1.234048745e-03
-1.740773907e-03,-1.729951473e-03
-3.347087884e-03,-1.753253047e-03
-4.810227081e-03,-1.616282039e-03
-5.640279036e-03,-1.403074246e-03
-5.606491584e-03,-1.036457601e-03
-4.789080471e-03,-7.546884008e-04
-3.349750768e-03,-4.961115192e-04
-1.764369779e-03,-2.391295857e-04
-4.296528932e-04,1.848367538e-05
6.683742395e-04,1.914346794e-04
1.269321539e-03,2.709277614e-04
1.497723628e-03,1.906894468e-04
1.559606404e-03,-1.806501532e-04
1.375462627e-03,-6.810906925e-04
8.965484449e-04,-1.412335085e-03
3.002149460e-04,-2.241717651e-03
-4.467979888e-04,-2.955593867e-03
-1.220601378e-03,-3.645408899e-03
-1.696814667e-03,-4.211268388e-03
-1.895018155e-03,-4.542479757e-03
-1.833078451e-03,-4.816250410e-03
-1.574738882e-03,-4.951545969e-03
-9.970741812e-04,-4.775101319e-03
-4.240755225e-04,-4.267497919e-03
8.354677993e-05,-3.204857698e-03
5.642410251e-04,-1.704010647e-03
8.676552679e-04,-2.140764764e-06
1.218242222e-03,1.546215964e-03
1.389835728e-03,2.453235677e-03
1.255076728e-03,2.598237945e-03
8.323254879e-04,2.021090593e-03
3.281445825e-04,9.124879143e-04
-9.445946489e-06,-2.757077164e-04
-2.349667193e-04,-8.364124224e-04
3.207824193e-05,-4.939897335e-04
8.598990971e-04,6.502608303e-04
1.877578790e-03,2.194207860e-03
2.965728054e-03,3.694404382e-03
3.733730875e-03,4.718644079e-03
3.866572166e-03,4.794847686e-03
3.512358759e-03,4.073238932e-03
2.706011990e-03,2.836997388e-03
1.661171671e-03,1.504454412e-03
8.476621006e-04,4.051266587e-04
3.962740593e-04,-2.026463917e-04
2.836441854e-04,-4.069114220e-04
3.765467263e-04,-4.569322045e-04
3.405667085e-04,-3.775103251e-04
-1.602962766e-05,-3.335937799e-04
-7.539858343e-04,-4.234394582e-04
-1.879771706e-03,-6.086274516e-04
-3.178878920e-03,-6.697697681e-04
-4.400785547e-03,-7.988327416e-04
-5.332369357e-03,-1.126009040e-03
-5.771501455e-03,-1.561277197e-03
-5.849266890e-03,-2.099340083e-03
-5.607313011e-03,-2.635969548e-03
-5.189617164e-03,-3.097695997e-03
-4.825212527e-03,-3.267319640e-03
-4.489387851e-03,-3.101635724e-03
-4.418913275e-03,-2.548758406e-03
-4.352402408e-03,-1.788226771e-03
-3.966295626e-03,-1.024201629e-03
-3.405866446e-03,-3.859926946e-04
-2.518911147e-03,-3.529176320e-05
-1.181180007e-03,1.276531839e-04
3.539524041e-04,8.393601456e-05
1.763738459e-03,-1.775980199e-04
2.913215198e-03,-6.477308343e-04
3.677985631e-03,-1.461349544e-03
3.901346587e-03,-2.472184366e-03
3.664747113e-03,-3.543060506e-03
3.405235009e-03,-4.512522835e-03
3.313376801e-03,-4.843230825e-03
3.576624440e-03,-4.376036115e-03
4.292451311e-03,-3.187845461e-03
5.082507618e-03,-1.393495360e-03
5.805103574e-03,4.231071798e-04
6.013588514e-03,1.661950140e-03
5.366118625e-03,2.098913072e-03
3.963376395e-03,1.636664383e-03
2.131100278e-03,6.158804172e-04
5.191473174e-04,-4.003087524e-04
-4.236815439e-04,-8.982240106e-04
-4.353442055e-04,-5.292292917e-04
5.059847026e-04,6.395522505e-04
2.000694163e-03,2.354926663e-03
3.371205879e-03,3.944242839e-03
4.160075448e-03,4.825786687e-03
3.910161089e-03,4.912870005e-03
2.588160802e-03,4.069721792e-03
6.630199496e-04,2.717783907e-03
-1.427785610e-03,1.508095185e-03
-3.099945839e-03,7.155850180e-04
-4.118812270e-03,7.585948915e-04
-4.349426366e-03,1.478826976e-03
-3.999138251e-03,2.575738588e-03
-3.560281591e-03,3.704462666e-03
-3.309660126e-03,4.435000010e-03
-3.498526756e-03,4.745885264e-03
-4.072550684e-03,4.539242480e-03
-4.777479451e-03,4.106484819e-03
-5.255719647e-03,3.484766232e-03
-5.162651185e-03,2.820929745e-03
-4.466593731e-03,2.268773736e-03
-3.284426639e-03,1.683614100e-03
-1.892303117e-03,1.155315200e-03
-7.210721960e-04,6.510630483e-04
4.289598655e-05,2.090259659e-04
1.788986265e-04,-9.289779700e-05
-2.833119361e-04,-9.968083759e-06
-1.080640010e-03,1.199919934e-04
-1.921087038e-03,1.735063706e-04
-2.608780516e-03,6.932090037e-05
-3.115752479e-03,-4.221008858e-04
-3.325575963e-03,-1.191295218e-03
-3.341045463e-03,-2.304307651e-03
-3.006824991e-03,-3.454401391e-03
-2.340567764e-03,-4.402589519e-03
-1.273484435e-03,-4.985779058e-03
1.888097468e-04,-5.073545966e-03
1.691332203e-03,-4.861306399e-03
3.036871785e-03,-4.529013298e-03
3.891454544e-03,-4.067063797e-03
4.113514908e-03,-3.815122647e-03
3.583839396e-03,-3.735069418e-03
2.654638374e-03,-3.639978822e-03
1.564756618e-03,-3.474931000e-03
5.774273886e-04,-2.803675365e-03
-5.236091965e-05,-1.634651795e-03
-3.259848163e-04,2.645814311e-05
-2.267454256e-04,1.892174943e-03
2.895016405e-05,3.482848406e-03
5.750824930e-04,4.365806933e-03
1.216267585e-03,4.289717413e-03
1.887803199e-03,3.418008564e-03
2.521127695e-03,1.958614448e-03
2.944771433e-03,5.688168458e-04
2.976569580e-03,-2.191601961e-04
2.609914867e-03,-1.152880068e-04
1.811974565e-03,8.421606617e-04
5.389695289e-04,2.304739552e-03
-7.566962158e-04,3.969998099e-03
-1.957551343e-03,5.252150353e-03
-2.863996662e-03,5.881065037e-03
-3.565896768e-03,5.961469375e-03
-4.032588098e-03,5.507883616e-03
-4.074800760e-03,4.910449032e-03
-3.964719828e-03,4.321349319e-03
-3.569893539e-03,3.795561614e-03
-2.929097740e-03,3.486441681e-03
-2.175486879e-03,3.105229000e-03
-1.295594615e-03,2.667520894e-03
-5.345456302e-04,2.183257136e-03
-7.419577014e-05,1.680823043e-03
2.188706458e-05,1.227726112e-03
-1.745696209e-04,9.050118388e-04
-3.364560544e-04,6.451106747e-04
-3.556612355e-04,3.890970256e-04
-2.227676887e-04,1.293287642e-04
2.413795301e-04,-2.418067306e-04
8.089669864e-04,-6.475077244e-04
1.219172613e-03,-1.037853188e-03
1.407052041e-03,-1.216789708e-03
1.250742935e-03,-1.156525570e-03
8.821943775e-04,-8.949345793e-04
2.219275193e-04,-4.593103076e-04
-3.536533623e-04,-1.445372181e-04
-7.347569335e-04,-1.964899129e-04
-1.236388925e-03,-4.586410359e-04
-1.435204758e-03,-1.048395643e-03
-1.321592252e-03,-1.984498231e-03
-1.064259093e-03,-2.894769423e-03
-5.223465851e-04,-3.594533773e-03
2.822534007e-04,-3.934502136e-03
1.201429404e-03,-3.805491608e-03
2.248486504e-03,-3.380875103e-03
3.270889167e-03,-2.842427697e-03
4.130138084e-03,-2.376623685e-03
4.825397395e-03,-2.198674483e-03
5.282182712e-03,-2.253100276e-03
5.328833126e-03,-2.376642777e-03
5.099856760e-03,-2.336404985e-03
4.579147790e-03,-1.751914504e-03
3.647117876e-03,-5.826677079e-04
2.437168034e-03,9.778452804e-04
1.217591926e-03,2.841345267e-03
2.228199010e-04,4.436580464e-03
-5.216773134e-04,5.324556492e-03
-7.543371175e-04,5.354365800e-03
-5.886960425e-04,4.632662050e-03
-9.087094804e-05,3.466059454e-03
5.009436863e-04,2.004059497e-03
9.137885063e-04,6.907217321e-04
1.208179281e-03,-2.179118019e-04
1.237893593e-03,-7.813553675e-04
1.047356054e-03,-9.572065901e-04
6.121590268e-04,-9.102189797e-04
-7.837761950e-05,-7.284153253e-04
-1.042837161e-03,-1.678720291e-04
-2.218866954e-03,5.555212847e-04
-3.370574676e-03,1.378063811e-03
-4.299647640e-03,2.228165744e-03
-4.727107473e-03,2.738128183e-03
-4.549950827e-03,2.891945187e-03
-3.898223396e-03,2.478749258e-03
-2.853492042e-03,1.776587800e-03
-1.576286275e-03,9.539503953e-04
-4.007739190e-04,1.102137830e-04
4.708970373e-04,-2.762440708e-04
1.132962876e-03,-4.578056105e-04
1.580767217e-03,-4.384105559e-04
1.793880132e-03,-3.595298040e-04
1.714073704e-03,-6.519174203e-04
1.099883113e-03,-1.150350086e-03
1.177800295e-04,-1.936836634e-03
-1.014907612e-03,-2.865928458e-03
-1.954613021e-03,-3.655410372e-03
-2.289436292e-03,-4.382933024e-03
-1.814556774e-03,-4.713755101e-03
-5.635337438e-04,-4.918504041e-03
1.097243978e-03,-4.933266435e-03
2.838596934e-03,-4.635044839e-03
3.995250911e-03,-4.427262582e-03
4.283750895e-03,-3.950437065e-03
3.854990238e-03,-3.564130981e-03
2.790565137e-03,-3.175200196e-03
1.580634271e-03,-2.682416001e-03
5.375217879e-04,-2.281789435e-03
-1.701789297e-04,-1.710594399e-03
-5.263813073e-04,-1.172090066e-03
-6.268121069e-04,-6.205844111e-04
-5.075653316e-04,-1.452065044e-04
-2.463445708e-04,9.310664609e-05
2.959761478e-04,7.823047054e-05
1.115874737e-03,-2.027745650e-04
2.015475417e-03,-5.037347437e-04
2.897261642e-03,-7.061390788e-04
3.290782450e-03,-4.231071798e-04
2.858215244e-03,4.921859945e-04
1.758218044e-03,1.801133039e-03
6.364858564e-05,3.469296731e-03
-1.638634363e-03,4.823280498e-03
-2.756611910e-03,5.524506792e-03
-2.992504276e-03,5.475511309e-03
-2.376158489e-03,4.526412115e-03
-1.265396015e-03,2.974096453e-03
-2.022571716e-04,1.167775248e-03
1.848889660e-04,-3.106814402e-04
-2.809670696e-04,-1.302643446e-03
-1.625001780e-03,-1.833173330e-03
-3.365329467e-03,-1.919231145e-03
-4.865208175e-03,-1.696126419e-03
-5.704098381e-03,-1.280049095e-03
