I , Q   (centre=5000.000 MHz ; BW=5.000 MHz ; fs=10.000 MSa/s)
3.928516817e-04,-3.836288233e-04
4.155551724e-04,-3.661324736e-04
4.102768435e-04,-3.114456485e-04
4.242226714e-04,-2.314683952e-04
4.769775551e-04,-1.076078406e-04
5.547950859e-04,-4.940846702e-05
5.721822381e-04,-6.896964805e-06
5.436402862e-04,3.626483931e-06
5.052014603e-04,3.652115993e-05
4.775519192e-04,1.776549907e-04
5.015227944e-04,1.772087999e-04
5.290441914e-04,2.552304068e-04
4.502725787e-04,3.384829033e-04
3.690326994e-04,3.707272699e-04
3.141227935e-04,3.952725092e-04
2.481293341e-04,4.140694509e-04
1.754809928e-04,4.703559098e-04
1.115713385e-04,5.169163342e-04
9.191522986e-05,5.199494772e-04
3.711449972e-05,4.692404182e-04
-4.403045023e-05,5.031936453e-04
-1.834174909e-04,4.910135758e-04
-2.505833982e-04,4.585318675e-04
-2.753896697e-04,4.249868798e-04
-3.166717943e-04,4.149618326e-04
-3.511613468e-04,3.358579706e-04
-3.374196240e-04,2.683218336e-04
-4.217116511e-04,2.860650129e-04
-4.601837136e-04,2.292374411e-04
-4.486397083e-04,1.860803895e-04
-5.335440510e-04,1.057661138e-04
-4.820138274e-04,5.557918848e-05
-5.470436881e-04,-6.409477646e-05
-5.593328970e-04,-1.357605506e-04
-4.801578471e-04,-1.295138936e-04
-4.721216683e-04,-2.157947747e-04
-3.792998323e-04,-2.882579865e-04
-3.655581095e-04,-3.517404548e-04
-3.840038262e-04,-3.663745592e-04
-3.223061212e-04,-4.223809519e-04
-1.405974472e-04,-4.791705287e-04
-1.047076003e-04,-4.821846960e-04
-1.561761455e-04,-4.781642347e-04
-4.689746129e-05,-5.472667981e-04
3.868565727e-06,-5.122883013e-04
4.585318675e-05,-4.981763777e-04
1.226121822e-04,-5.539786071e-04
1.815615251e-04,-4.809552920e-04
2.458983799e-04,-4.447521642e-04
3.121529298e-04,-4.031900025e-04
3.477437131e-04,-3.719329543e-04
3.980398178e-04,-3.542514460e-04
4.683860170e-04,-2.664848580e-04
5.085146986e-04,-2.468097664e-04
4.903443041e-04,-1.569403539e-04
5.040480173e-04,-3.720943278e-05
5.444947165e-04,-3.506866778e-05
5.148894852e-04,1.639987204e-05
4.969279398e-04,7.860071491e-05
4.905863898e-04,1.629639301e-04
4.733320966e-04,2.228768572e-04
5.017838557e-04,2.810619771e-04
4.571363097e-04,3.124282230e-04
3.853803501e-04,3.516455181e-04
3.447675263e-04,4.600365646e-04
2.337183396e-04,4.816815490e-04
2.168912615e-04,4.764364276e-04
1.246769971e-04,5.071950727e-04
4.053687462e-06,5.396056222e-04
7.060251664e-05,5.077314563e-04
-4.459056072e-05,4.728099448e-04
-1.969930745e-04,5.461323308e-04
-1.723007008e-04,4.838934983e-04
-2.070703340e-04,4.236625391e-04
-3.232507152e-04,4.690742935e-04
-3.511613468e-04,3.877774579e-04
-3.792998323e-04,3.105722717e-04
-4.623244749e-04,2.532795188e-04
-4.508896673e-04,2.261520858e-04
-5.156537518e-04,1.411907870e-04
-5.373556633e-04,9.585499356e-05
-4.829821410e-04,3.252443275e-05
-4.873870930e-04,-1.089274228e-04
-4.861814086e-04,-1.149509917e-04
-5.369806895e-04,-1.595415524e-04
-5.138309789e-04,-2.547320037e-04
-4.321069282e-04,-2.795905166e-04
-3.556279989e-04,-2.277849562e-04
-3.565393854e-04,-3.126703086e-04
-2.808958525e-04,-4.518010246e-04
-2.537446853e-04,-4.922619555e-04
-2.175795380e-04,-5.067631137e-04
-6.311220932e-05,-5.294144503e-04
-3.190736243e-05,-4.873158759e-04
2.575562939e-05,-4.760282172e-04
1.917194822e-05,-4.879282205e-04
8.114969387e-05,-4.635491350e-04
2.052333584e-04,-4.858633911e-04
2.744783123e-04,-4.387475783e-04
3.282727266e-04,-4.038782790e-04
3.209295683e-04,-4.000144545e-04
4.299851716e-04,-3.604791418e-04
4.644082801e-04,-3.482421162e-04
4.455496091e-04,-2.433873742e-04
5.429899902e-04,-1.589102467e-04
5.237231380e-04,-1.600636897e-04
5.389885046e-04,8.202308891e-06
5.385233671e-04,2.872706864e-05
5.053723580e-04,7.462297071e-05
5.181647139e-04,2.093772346e-04
4.506665573e-04,1.750727824e-04
4.203161225e-04,2.464395075e-04
4.044383822e-04,3.091577382e-04
3.586754028e-04,3.665596596e-04
2.668740926e-04,4.510557919e-04
2.276378073e-04,4.783351033e-04
1.984977716e-04,5.077504320e-04
1.075888504e-04,4.950862494e-04
7.915608148e-05,5.535846576e-04
-1.491415242e-05,5.256597651e-04
-6.415173993e-05,4.922809312e-04
-9.481546294e-05,5.209700321e-04
-2.014549682e-04,4.281624279e-04
-2.106446045e-04,4.903443041e-04
-3.067796351e-04,4.009068361e-04
-3.927804646e-04,3.421995789e-04
-4.246878379e-04,4.210233747e-04
-4.516681074e-04,2.890364558e-04
-4.875389859e-04,2.187329810e-04
-5.547191249e-04,1.353713305e-04
-5.584595492e-04,5.425960262e-05
-5.462035188e-04,2.560373468e-05
-5.772375152e-04,-3.311777255e-05
-5.266803200e-04,-1.057139016e-04
-4.341907334e-04,-2.044311550e-04
-4.806942306e-04,-1.883303339e-04
-4.858823668e-04,-2.630435047e-04
-4.290025972e-04,-3.717098443e-04
-3.225292312e-04,-3.691276361e-04
-3.595677845e-04,-3.851715010e-04
-2.835919731e-04,-3.932978725e-04
-1.816707081e-04,-4.636630474e-04
-1.261674624e-04,-4.399342579e-04
2.898813727e-05,-4.913695739e-04
-3.295163697e-05,-5.121221766e-04
8.473820344e-05,-4.403614730e-04
1.540021476e-04,-5.294144503e-04
1.265566971e-04,-4.846007796e-04
2.708898101e-04,-4.655759549e-04
3.414211096e-04,-4.233112850e-04
3.457168932e-04,-3.335748042e-04
3.650739382e-04,-3.617275215e-04
4.209331819e-04,-2.957862744e-04
4.490479478e-04,-2.104737214e-04
4.591062025e-04,-1.616633381e-04
5.053153727e-04,-1.149177697e-04
5.235000281e-04,-1.093546234e-04
4.457537143e-04,3.797365267e-08
5.200586747e-04,1.079068825e-04
5.253797281e-04,1.261105062e-04
4.619494721e-04,2.621700987e-04
4.493422457e-04,3.340020194e-04
3.910858941e-04,3.350605257e-04
3.586943785e-04,3.766369191e-04
3.012544767e-04,4.591631587e-04
2.871994802e-04,4.747988132e-04
1.954314066e-04,4.653718497e-04
1.354615088e-04,4.767924256e-04
1.082391536e-04,4.892477882e-04
3.406711403e-05,5.061128177e-04
-5.306817911e-05,4.734222603e-04
-1.226691384e-04,4.996430944e-04
-1.806691434e-04,4.657800891e-04
-3.138807078e-04,4.416098527e-04
-3.251114395e-04,4.025586823e-04
-3.156464954e-04,3.599380143e-04
-4.326812923e-04,3.533590643e-04
-4.528975114e-04,2.689578978e-04
-4.046804679e-04,2.318386396e-04
-4.518152564e-04,1.579609088e-04
-5.268084933e-04,7.426697266e-05
-5.243544583e-04,4.916638500e-05
-4.675126111e-04,-2.326360845e-05
-5.298985634e-04,-1.202720523e-04
-5.410533631e-04,-1.694716630e-04
-4.544591939e-04,-2.321946522e-04
-4.200218245e-04,-2.821964445e-04
-3.835386306e-04,-3.338691022e-04
-3.376285022e-04,-3.638255585e-04
-2.877548395e-04,-4.095695913e-04
-2.394808398e-04,-4.605017311e-04
-1.898160554e-04,-4.645744048e-04
-1.341799070e-04,-5.465975264e-04
-6.619757187e-05,-5.271075061e-04
-2.889794996e-05,-4.768826184e-04
9.435028915e-05,-5.447178264e-04
1.195458026e-04,-5.552982329e-04
1.922321244e-04,-5.064498400e-04
2.544139861e-04,-4.591631587e-04
2.510105842e-04,-4.058718914e-04
3.560362093e-04,-3.832016082e-04
3.761385160e-04,-3.429068311e-04
4.250201164e-04,-2.990425273e-04
4.501064541e-04,-2.259100002e-04
4.936907208e-04,-1.910264546e-04
5.458142841e-04,-1.765395136e-04
5.394014879e-04,-4.185645957e-05
5.107645993e-04,3.005140024e-05
5.456861109e-04,1.061743314e-04
5.190191441e-04,1.458188199e-04
4.362365871e-04,1.901150972e-04
4.421652120e-04,2.831979946e-04
3.982819035e-04,3.425745526e-04
3.412359802e-04,3.710025921e-04
2.706856758e-04,4.393598938e-04
2.301867935e-04,4.820707836e-04
1.881262287e-04,4.642563872e-04
1.296420523e-04,5.225886707e-04
7.962125528e-05,5.144053139e-04
3.202128210e-05,5.939553957e-04
-4.051788710e-05,5.041999393e-04
-1.414138824e-04,4.704128660e-04
-1.518803765e-04,5.634055706e-04
-2.351138683e-04,4.369580711e-04
-3.176021273e-04,4.108891590e-04
-3.058872535e-04,3.945652279e-04
-3.774391080e-04,2.862691181e-04
-4.406605149e-04,2.512906503e-04
-4.928743001e-04,2.655924764e-04
-5.357560003e-04,1.122548638e-04
-5.584785249e-04,6.277519424e-05
-5.090510822e-04,1.074037282e-04
-4.829441605e-04,-4.791800166e-05
-5.228687078e-04,-1.447413233e-04
-5.138689885e-04,-1.901530632e-04
-4.928932758e-04,-2.904889407e-04
-4.463708028e-04,-2.661668113e-04
-3.832775692e-04,-3.058113216e-04
-3.321412951e-04,-4.246878379e-04
-2.816932974e-04,-4.491049040e-04
-2.168912615e-04,-4.940656945e-04
-1.565701095e-04,-4.427822714e-04
-1.356656139e-04,-5.137218395e-04
-8.179999713e-05,-5.638897419e-04
4.799395174e-05,-4.682388681e-04
3.562877828e-05,-4.996810458e-04
9.048172069e-05,-4.868127289e-04
2.322848304e-04,-5.116569810e-04
2.269305551e-04,-4.337255668e-04
3.048619838e-04,-4.118384968e-04
2.981691214e-04,-4.022454086e-04
3.829073394e-04,-2.860792447e-04
4.439879558e-04,-3.302805999e-04
3.912899992e-04,-2.199006703e-04
5.481402040e-04,-1.547473803e-04
5.579183926e-04,-1.115855775e-04
4.932302982e-04,2.223832053e-05
4.691312497e-04,5.295900701e-05
4.876291787e-04,1.269649074e-04
4.704508465e-04,1.306103804e-04
4.642374115e-04,2.191981621e-04
4.271798534e-04,3.019237774e-04
3.476487764e-04,3.224532702e-04
4.249299236e-04,3.724361013e-04
2.977419063e-04,4.066313559e-04
2.203658514e-04,4.981763777e-04
1.853161666e-04,4.713052476e-04
8.431100287e-05,5.594610702e-04
1.079638387e-04,5.925266305e-04
-2.162599594e-05,5.460943794e-04
-3.321270560e-05,5.798624479e-04
-7.618463860e-05,4.816625442e-04
-2.162599558e-04,4.742434539e-04
-2.365805994e-04,4.275880638e-04
-3.270290908e-04,3.914418921e-04
-3.874973918e-04,3.646989644e-04
-3.719329543e-04,2.975568059e-04
-3.738885862e-04,3.114266729e-04
-5.110969068e-04,2.354461467e-04
-5.515578086e-04,1.711852237e-04
-4.641092382e-04,7.612768241e-05
-5.354949390e-04,-1.379867626e-05
-5.493648350e-04,-8.380784857e-05
-5.121933646e-04,-1.299031137e-04
-4.937286722e-04,-1.839586184e-04
-4.378172162e-04,-2.290523262e-04
-4.436936579e-04,-2.405820705e-04
-3.724930575e-04,-3.842269070e-04
-3.210197610e-04,-3.923675104e-04
-3.483370529e-04,-4.674746597e-04
-2.432782057e-04,-5.202295724e-04
-2.229338279e-04,-5.104466109e-04
-1.665524469e-04,-5.226076464e-04
-3.270480875e-06,-5.065258010e-04
4.159539094e-05,-5.612315726e-04
1.049496859e-04,-5.016699433e-04
1.228020410e-04,-4.942318192e-04
2.013837802e-04,-4.450322303e-04
2.351138683e-04,-4.479324562e-04
2.299447078e-04,-4.850659461e-04
3.708174627e-04,-4.038593033e-04
4.288507043e-04,-3.454368270e-04
4.252622020e-04,-2.874748025e-04
4.293348757e-04,-2.551781945e-04
4.299139546e-04,-1.442381763e-04
5.016319337e-04,-9.953843983e-05
5.532143987e-04,-4.808413723e-05
4.583277332e-04,1.087992641e-04
4.825549258e-04,1.236564567e-04
5.169353099e-04,1.844807557e-04
4.352492688e-04,2.358733473e-04
4.083971435e-04,2.587097406e-04
3.941712494e-04,3.724170965e-04
3.386110475e-04,4.077468475e-04
2.862691181e-04,4.349502269e-04
2.512716455e-04,4.128970322e-04
1.594893401e-04,4.626757291e-04
1.329884835e-04,5.134037929e-04
7.774630649e-05,4.679778067e-04
2.936312740e-05,5.492936471e-04
-2.699926699e-05,5.624182522e-04
-1.384756761e-04,5.053913337e-04
-1.245678141e-04,4.760851734e-04
-2.293466241e-04,3.906017519e-04
-3.642005613e-04,4.313237441e-04
-3.621357318e-04,4.402522754e-04
-3.904546029e-04,3.411410435e-04
-4.612659686e-04,3.348944010e-04
-5.335060996e-04,2.229907841e-04
-4.772386164e-04,1.436068560e-04
-4.610238830e-04,8.717327000e-05
-5.066729500e-04,2.770652645e-05
-5.055954680e-04,-2.997545198e-05
-5.020781537e-04,-1.234333613e-04
-4.954422475e-04,-1.013042129e-04
-4.621393455e-04,-2.327879774e-04
-4.039732157e-04,-3.199992352e-04
-3.496186691e-04,-2.879019885e-04
-3.279926896e-04,-3.842601436e-04
-3.545837244e-04,-4.151089815e-04
-2.378859499e-04,-4.453265283e-04
-1.418220927e-04,-4.840976035e-04
-1.788274240e-04,-4.878000473e-04
-1.031839056e-04,-5.732407444e-04
3.854800525e-05,-6.056702696e-04
3.494050543e-05,-5.339522613e-04
1.083340831e-04,-5.145192845e-04
2.114800154e-04,-4.962966777e-04
2.361154184e-04,-4.464040103e-04
3.112035629e-04,-4.188873572e-04
3.389290941e-04,-3.307837469e-04
3.359149268e-04,-3.291841131e-04
3.689045552e-04,-2.909541363e-04
4.894519225e-04,-2.241062612e-04
4.702799488e-04,-1.753290999e-04
4.942318192e-04,-8.014339255e-05
5.129196215e-04,5.743514748e-07
4.659699334e-04,7.503118832e-05
4.912366858e-04,1.018073599e-04
4.846767115e-04,2.445218561e-04
4.927983391e-04,2.176175039e-04
4.372950934e-04,2.226157958e-04
4.213793727e-04,3.674710460e-04
3.395604144e-04,3.600709315e-04
3.121719055e-04,4.227891623e-04
3.098839952e-04,4.912936129e-04
1.586871513e-04,5.320346099e-04
8.036648796e-05,4.729618377e-04
3.330289474e-05,4.495653266e-04
-6.246666089e-06,5.607474595e-04
-6.915476843e-05,5.181647139e-04
-1.133371115e-04,4.936764599e-04
-2.254258434e-04,5.291913403e-04
-2.752615255e-04,4.478185438e-04
-2.567778283e-04,3.491535026e-04
-3.665406839e-04,3.439321299e-04
-4.343378823e-04,3.095659777e-04
-4.997712676e-04,2.661098551e-04
-4.626045411e-04,1.639892143e-04
-4.477093753e-04,1.630398765e-04
-5.144622992e-04,1.718545100e-04
-5.109687336e-04,3.624110468e-05
-4.876671301e-04,1.153449716e-06
-4.767354694e-04,-1.025668389e-04
-4.542740644e-04,-1.756091515e-04
-4.672135692e-04,-2.088930632e-04
-4.655569792e-04,-3.037085407e-04
-3.650929430e-04,-3.780894331e-04
-3.192729782e-04,-3.804865119e-04
-2.572952362e-04,-3.870701767e-04
-2.258910245e-04,-4.457916948e-04
-2.085797751e-04,-4.952381132e-04
-1.464738743e-04,-4.536380002e-04
-9.498160216e-05,-4.828872043e-04
1.708814352e-06,-5.257499870e-04
7.203601854e-05,-4.760661977e-04
1.140443710e-04,-5.102235009e-04
1.794587297e-04,-4.517250927e-04
2.613868855e-04,-4.272368096e-04
3.120579931e-04,-4.414247232e-04
3.347425081e-04,-3.459019936e-04
3.870132205e-04,-2.896867518e-04
4.517820489e-04,-2.805208787e-04
4.783730838e-04,-2.216712019e-04
4.929312272e-04,-1.138734879e-04
5.489756004e-04,-8.979345148e-05
5.303258076e-04,7.884279512e-06
5.258638994e-04,1.045794415e-04
5.591098452e-04,7.521631051e-05
4.990307498e-04,2.096193057e-04
4.601837136e-04,2.626874775e-04
4.125457490e-04,2.633045660e-04
3.690896556e-04,3.447295749e-04
3.266920685e-04,3.650739382e-04
2.821205126e-04,4.095126060e-04
2.829749137e-04,4.794695706e-04
1.644354052e-04,5.228876835e-04
7.396793080e-05,5.075843073e-04
9.870301437e-05,5.601303419e-04
-2.140290053e-05,5.806978443e-04
-9.198642510e-05,5.195792764e-04
-1.470482239e-04,5.130525096e-04
-2.387023851e-04,5.020401441e-04
-2.130226931e-04,4.379453894e-04
-3.231795272e-04,3.932456602e-04
-3.692178288e-04,3.854135866e-04
-3.391901555e-04,3.620787757e-04
-4.520051298e-04,2.673582349e-04
-4.691454815e-04,2.333670855e-04
-4.933204618e-04,2.135970426e-04
-5.371468142e-04,9.566987137e-05
-4.994010087e-04,2.991849215e-05
-5.061128177e-04,-3.560979167e-05
-5.021350808e-04,-8.431100287e-05
-5.006304127e-04,-1.334536501e-04
-4.908664268e-04,-2.382941602e-04
-3.834057425e-04,-2.716540184e-04
-3.538764722e-04,-3.636784095e-04
-3.846351174e-04,-3.692178288e-04
-3.289040469e-04,-3.947883379e-04
-2.502321440e-04,-4.541411472e-04
-1.323381730e-04,-4.415149160e-04
-8.254047862e-05,-5.490515614e-04
-1.694099592e-05,-5.326326936e-04
6.850447244e-05,-4.824789939e-04
9.779164975e-05,-4.992918111e-04
9.213831800e-05,-5.272926646e-04
1.507838751e-04,-4.905483802e-04
2.995456744e-04,-4.464989470e-04
3.478339058e-04,-4.195186775e-04
3.738696105e-04,-4.225660523e-04
3.921634052e-04,-3.581010387e-04
3.987470991e-04,-2.044311550e-04
4.729950742e-04,-2.064200235e-04
4.965577391e-04,-1.637471432e-04
5.196124548e-04,-7.724315947e-05
4.964438267e-04,-6.471185043e-05
4.686660832e-04,3.986758747e-05
5.285410443e-04,1.342748292e-04
4.603545822e-04,1.417129242e-04
4.283712769e-04,2.347958361e-04
4.410877009e-04,3.369022452e-04
4.131580936e-04,3.409369383e-04
3.520394966e-04,4.167465959e-04
3.275844501e-04,4.250390921e-04
2.699784236e-04,4.056488106e-04
1.500956132e-04,4.903252702e-04
1.379725145e-04,5.222895998e-04
8.099780098e-05,4.792085092e-04
-1.658499241e-05,4.852320708e-04
-1.091125450e-04,5.294524017e-04
-1.033880180e-04,4.971700255e-04
-1.497443591e-04,4.862906062e-04
-2.793864114e-04,4.318458668e-04
-2.741270582e-04,4.215075460e-04
-3.538052551e-04,3.945652279e-04
-4.037501058e-04,2.910110925e-04
-4.244457523e-04,3.004760074e-04
-4.492710286e-04,2.281029883e-04
-4.934153985e-04,9.827581380e-05
-5.732977297e-04,1.127959913e-04
-5.342133227e-04,5.595417679e-05
-5.030844477e-04,-5.342418081e-05
-5.103516742e-04,-1.329362713e-04
-4.905673559e-04,-2.070703340e-04
-4.596853105e-04,-2.349809656e-04
-4.449752741e-04,-2.563506423e-04
-4.238334368e-04,-3.320131509e-04
-3.969813115e-04,-4.351733078e-04
-3.206685069e-04,-4.000286863e-04
-2.733438450e-04,-4.040301719e-04
-2.030925825e-04,-5.364062963e-04
-5.407448043e-05,-5.303827347e-04
-4.862526112e-05,-4.897889448e-04
-2.847074575e-05,-5.306580570e-04
9.321582183e-05,-5.240601604e-04
1.672217331e-04,-5.286122323e-04
1.855962328e-04,-5.221234751e-04
2.046732407e-04,-4.329613585e-04
2.680987236e-04,-4.346369242e-04
3.576548479e-04,-3.414733219e-04
3.953626729e-04,-2.882200351e-04
4.279583227e-04,-2.705385559e-04
5.260110484e-04,-1.982936665e-04
5.038439413e-04,-2.254638093e-04
5.297134630e-04,-9.652427980e-05
5.126395845e-04,-4.970276495e-05
5.288543180e-04,2.397086791e-05
5.788941053e-04,1.202720523e-04
4.956463818e-04,1.854633156e-04
4.884123919e-04,2.526672033e-04
4.239236296e-04,2.358211350e-04
3.622259246e-04,3.392803483e-04
3.263930266e-04,3.884467296e-04
3.046388738e-04,4.305452749e-04
2.991184592e-04,4.865896481e-04
1.902052754e-04,4.843207134e-04
1.249000925e-04,5.027853767e-04
6.710893649e-05,5.454440252e-04
-5.705066724e-05,5.364253302e-04
-1.000036136e-04,5.188909709e-04
-1.642313000e-04,5.190191441e-04
-1.984977716e-04,4.814394633e-04
-2.021052787e-04,4.866275995e-04
-3.170230484e-04,4.101819068e-04
-3.810466151e-04,3.641246003e-04
-3.959939932e-04,3.829975030e-04
-4.572644830e-04,3.193109587e-04
-5.145382602e-04,1.932763989e-04
-5.184779875e-04,1.154351557e-04
-5.097393296e-04,8.202309255e-05
-5.375597975e-04,1.471004362e-05
-5.290964036e-04,-4.357002035e-05
-4.795028071e-04,-8.285851072e-05
-4.285564064e-04,-1.669464109e-04
-4.790945968e-04,-2.487416787e-04
-5.058375536e-04,-2.334952442e-04
-4.381494946e-04,-3.201463842e-04
-3.895811969e-04,-3.876635164e-04
-3.379987320e-04,-4.267526674e-04
-2.439285017e-04,-4.624336434e-04
-1.174620047e-04,-5.034926580e-04
-9.868403140e-05,-5.268464447e-04
-3.613192894e-05,-4.846007796e-04
2.783468699e-05,-5.429899902e-04
5.022015557e-06,-5.210459931e-04
1.132801553e-04,-4.880943452e-04
2.177076967e-04,-4.864947114e-04
2.445218561e-04,-4.608340096e-04
3.435571271e-04,-4.574496124e-04
4.287794873e-04,-3.729202435e-04
4.104999243e-04,-2.916803642e-04
3.988799872e-04,-2.735479502e-04
4.501823860e-04,-2.241442271e-04
5.103374133e-04,-1.363206684e-04
5.026382278e-04,-5.132139268e-05
5.163609749e-04,2.298355321e-05
5.638517905e-04,8.672707918e-05
5.230348324e-04,1.220568156e-04
4.573214392e-04,2.077396202e-04
4.588451411e-04,2.323607769e-04
4.088433343e-04,2.289004333e-04
4.115014744e-04,3.475728445e-04
3.601801000e-04,4.234964144e-04
2.756697359e-04,4.562439572e-04
2.922357235e-04,4.555936321e-04
1.511968439e-04,4.424072977e-04
1.154921192e-04,4.912176519e-04
8.644702029e-05,4.972270108e-04
-1.736820013e-05,4.745947081e-04
-6.515804125e-05,5.153926322e-04
-1.741756569e-04,4.861624329e-04
-2.075355005e-04,4.523374082e-04
-2.606274211e-04,4.754870897e-04
-3.718949738e-04,4.323869944e-04
-3.996204759e-04,3.666545963e-04
-3.835386306e-04,3.295543429e-04
-4.628086463e-04,2.752235450e-04
-4.886164679e-04,2.108107292e-04
-4.681629362e-04,1.958396169e-04
-5.676444271e-04,1.361877657e-04
-5.381910596e-04,5.528014663e-05
-5.097393296e-04,-5.003978004e-05
-5.207469221e-04,-1.121836613e-04
-4.779411247e-04,-1.738623687e-04
-4.955893965e-04,-2.744593075e-04
-4.431525304e-04,-2.804116812e-04
-4.210993357e-04,-3.514793934e-04
-3.218219499e-04,-4.006979871e-04
-2.741460339e-04,-3.970572725e-04
-2.811901504e-04,-4.275311076e-04
-1.659970731e-04,-4.803429765e-04
-1.468251285e-04,-5.022300174e-04
-8.276357403e-05,-5.104655866e-04
1.069432983e-05,-5.502050044e-04
6.266601849e-05,-5.512824864e-04
1.558818476e-04,-5.122313742e-04
2.161460288e-04,-5.217912258e-04
2.594929538e-04,-4.777370195e-04
3.290179593e-04,-3.696118074e-04
3.560362093e-04,-3.553289571e-04
4.077278427e-04,-3.133396094e-04
4.528975114e-04,-2.670212416e-04
4.655949597e-04,-2.179687726e-04
4.645554291e-04,-1.421401248e-04
4.700426070e-04,-1.384946518e-04
5.053533823e-04,-3.295163697e-05
5.500910920e-04,9.983748168e-05
5.105225137e-04,7.620362885e-05
4.414436989e-04,1.727089257e-04
4.648687027e-04,2.308370895e-04
4.478944757e-04,2.878497762e-04
4.147767031e-04,3.312868939e-04
3.078951268e-04,3.258186916e-04
2.922167478e-04,4.521712835e-04
2.829037257e-04,4.459056072e-04
1.260155695e-04,4.276070686e-04
1.091125450e-04,5.039958050e-04
8.237434668e-05,5.063739372e-04
-9.593093637e-06,5.133848172e-04
-6.132744602e-05,5.825965200e-04
-1.545242849e-04,4.727909691e-04
-2.300349006e-04,4.644794681e-04
-2.304478548e-04,4.782781471e-04
-2.948036999e-04,3.737556690e-04
-3.957376757e-04,3.602180805e-04
-3.896903654e-04,3.099931637e-04
-4.135473282e-04,2.763959637e-04
-5.233528791e-04,1.662771247e-04
-5.176236155e-04,1.634101209e-04
-4.740583245e-04,1.620335825e-04
-4.821277398e-04,3.079188537e-05
-5.052014603e-04,-6.277519424e-05
-4.694825038e-04,-1.396670996e-04
-4.458296753e-04,-1.205331209e-04
-5.282040220e-04,-1.823589701e-04
-4.524845572e-04,-2.628203947e-04
-3.299293458e-04,-3.221162478e-04
-3.602560319e-04,-4.455686139e-04
-3.228045243e-04,-4.368868831e-04
-2.084089065e-04,-4.563009134e-04
-1.288825733e-04,-5.290583940e-04
-8.823178359e-05,-4.751358356e-04
-4.942745727e-05,-5.025432911e-04
2.791063480e-06,-5.466307048e-04
7.605173596e-05,-4.769775551e-04
1.293999667e-04,-4.507187696e-04
1.818938035e-04,-4.908664268e-04
2.743833757e-04,-4.866466043e-04
2.950979979e-04,-4.025586823e-04
3.765847068e-04,-3.481519525e-04
4.634969227e-04,-2.995978866e-04
4.742434539e-04,-2.735289745e-04
4.676028038e-04,-2.214101260e-04
4.760092415e-04,-1.424724032e-04
5.474139471e-04,-5.100336057e-05
5.571588990e-04,-1.082249128e-05
5.274445284e-04,-2.454521928e-05
4.995481577e-04,8.592488302e-05
4.510178114e-04,1.622044510e-04
4.597375228e-04,2.155906695e-04
4.167086154e-04,2.856900392e-04
3.842981241e-04,3.255006450e-04
3.122620983e-04,3.764518187e-04
2.618141007e-04,4.120995582e-04
2.862881229e-04,3.933928092e-04
1.450593554e-04,4.553705512e-04
1.029038540e-04,4.901971552e-04
5.100336057e-05,4.983994295e-04
-4.749080108e-05,5.429710145e-04
-7.389672828e-05,5.195222911e-04
-1.552125614e-04,5.035686190e-04
-2.430171298e-04,4.581568646e-04
-2.333480952e-04,4.650775518e-04
-2.622223110e-04,4.219347611e-04
-3.684583644e-04,3.487262875e-04
-4.032089782e-04,2.744783123e-04
-4.637912207e-04,2.365805994e-04
-4.741105367e-04,2.269685210e-04
-5.027853767e-04,1.175189609e-04
-5.807548296e-04,8.494231588e-05
-5.450880271e-04,8.085065201e-05
-5.231487448e-04,-4.685948807e-05
-5.194653058e-04,-1.021206481e-04
-5.279429606e-04,-1.711852237e-04
-4.923901288e-04,-2.454332134e-04
-3.865670296e-04,-2.643820771e-04
-3.958658490e-04,-3.014585818e-04
-3.600329510e-04,-3.590456326e-04
-2.622412867e-04,-4.313237441e-04
-2.551402140e-04,-4.073006567e-04
-2.175795380e-04,-4.978013458e-04
-1.116045678e-04,-5.348066916e-04
-3.401015420e-05,-5.185349728e-04
9.873149793e-06,-5.122693256e-04
5.788608541e-05,-4.656329402e-04
1.694716630e-04,-4.402712802e-04
2.459933166e-04,-4.264726012e-04
2.365093969e-04,-4.266577307e-04
3.331286134e-04,-3.800972772e-04
3.943801275e-04,-3.984337964e-04
4.122277314e-04,-3.074299311e-04
4.273080267e-04,-2.477970847e-04
4.444531223e-04,-2.288861870e-04
5.485863658e-04,-1.082771269e-04
5.167122581e-04,-7.290940994e-05
4.889534903e-04,-3.252443275e-05
4.975592601e-04,4.193240602e-05
4.931733129e-04,1.088562203e-04
5.126775359e-04,1.796058787e-04
4.803049960e-04,2.364524407e-04
4.398440651e-04,2.870286116e-04
3.726212017e-04,3.729012678e-04
3.394132655e-04,3.573747817e-04
2.941534040e-04,4.435987212e-04
2.366755361e-04,4.925942048e-04
2.043029963e-04,4.118195211e-04
1.267228217e-04,5.237610894e-04
4.343711043e-05,5.306770327e-04
2.618283361e-05,4.845817748e-04
-6.707096327e-05,5.094592925e-04
-1.669796475e-04,5.108548212e-04
-1.887955004e-04,4.668813199e-04
-2.633757540e-04,4.212274798e-04
-3.379037953e-04,4.556458443e-04
-4.010350094e-04,3.814738302e-04
-4.501254298e-04,3.228804853e-04
-4.343189066e-04,3.409749188e-04
-4.715473333e-04,2.123913873e-04
-5.041999393e-04,1.235615200e-04
-4.884313676e-04,9.858909470e-05
-5.443808041e-04,8.999755664e-06
-5.584785249e-04,-8.575875108e-05
-5.154875689e-04,-1.111393867e-04
-4.788525112e-04,-1.865598024e-04
-5.058375536e-04,-2.797613852e-04
-4.852700513e-04,-2.688060049e-04
-3.833677620e-04,-3.434289538e-04
-3.211906587e-04,-3.855274990e-04
-2.665940265e-04,-4.043054942e-04
-2.246996009e-04,-4.995481577e-04
-1.844997314e-04,-4.923521192e-04
-1.214824588e-04,-4.695584648e-04
-5.658548980e-05,-5.278907483e-04
-1.900581265e-05,-5.329269916e-04
3.906539496e-05,-4.848428362e-04
1.313746034e-04,-4.915546742e-04
2.235271531e-04,-5.249335081e-04
2.654405835e-04,-4.774759582e-04
2.770794963e-04,-3.977645247e-04
3.639204951e-04,-3.882426245e-04
4.326290800e-04,-3.588605032e-04
4.332034441e-04,-2.605135087e-04
4.920958309e-04,-1.857813477e-04
4.885785165e-04,-1.263146114e-04
4.946590634e-04,-5.955692905e-05
5.266233347e-04,-1.379867626e-05
5.072093336e-04,7.181292312e-05
5.173815298e-04,9.472052625e-05
4.890626878e-04,1.209982947e-04
4.733890528e-04,2.363195381e-04
4.517630441e-04,2.937261888e-04
4.039162595e-04,3.062385076e-04
3.422755108e-04,3.901365562e-04
2.802075760e-04,4.519291979e-04
1.800710597e-04,4.452173307e-04
1.379013265e-04,4.793176777e-04
9.961438627e-05,5.011857720e-04
7.067846127e-06,5.237231380e-04
-4.280580106e-05,5.198925501e-04
-8.702612104e-05,4.897699109e-04
-1.012140274e-04,4.783730838e-04
-2.040988911e-04,4.783541081e-04
-2.855049097e-04,4.581378889e-04
-3.303375561e-04,4.203730787e-04
-3.621547366e-04,3.998815373e-04
-3.729582240e-04,3.278455406e-04
-4.441208439e-04,2.821015078e-04
-4.949770519e-04,1.771138632e-04
-5.098722177e-04,9.827581380e-05
-4.989547888e-04,1.056759284e-04
-5.494787474e-04,1.519420766e-05
-5.538457190e-04,-5.230870738e-05
-4.721596488e-04,-1.907843834e-04
-4.647405585e-04,-2.293656144e-04
-5.047220620e-04,-1.920469949e-04
-4.628988390e-04,-2.742552024e-04
-3.714867635e-04,-3.226763802e-04
-4.079889331e-04,-3.977645247e-04
-3.408420016e-04,-4.359375453e-04
-2.255919826e-04,-4.571553145e-04
-1.831042027e-04,-5.033787456e-04
-1.130950332e-04,-4.950150615e-04
-6.820542330e-05,-4.942698288e-04
-1.523692845e-06,-5.046461010e-04
4.394026109e-05,-5.105035380e-04
9.639611380e-05,-5.269603571e-04
1.683039736e-04,-5.539027043e-04
2.709467662e-04,-4.993440234e-04
3.551248519e-04,-4.028957046e-04
3.789438342e-04,-3.823851875e-04
3.932456602e-04,-2.836062340e-04
4.331844393e-04,-2.808009158e-04
5.061318516e-04,-2.610878437e-04
4.846007796e-04,-1.422113273e-04
4.699476995e-04,-1.050968276e-04
5.222184118e-04,1.329552470e-05
5.371135776e-04,8.732041169e-05
4.740203731e-04,3.774580910e-05
4.857352178e-04,1.254791860e-04
5.069529871e-04,2.362863015e-04
3.997723688e-04,2.442417899e-04
4.120046506e-04,3.212808224e-04
3.305986174e-04,3.970002872e-04
2.089310437e-04,4.233492655e-04
2.373448224e-04,4.412918061e-04
1.984977716e-04,4.855833249e-04
9.548474918e-05,4.950482980e-04
5.392733510e-05,4.760661977e-04
2.828087781e-05,4.724776663e-04
-4.671233910e-05,4.571173340e-04
-9.513349505e-05,4.654857912e-04
-1.578327356e-04,4.541411472e-04
-2.347768605e-04,4.381115141e-04
-3.588795080e-04,3.775483056e-04
-4.168795131e-04,3.810466151e-04
-3.580250777e-04,3.035234113e-04
-4.615032813e-04,2.212060208e-04
-4.586600116e-04,2.436484501e-04
-4.689603811e-04,1.428806136e-04
-5.600401782e-04,1.262576552e-04
-5.078644026e-04,-2.041558582e-05
-5.459614331e-04,-9.373795911e-05
-5.328890402e-04,-9.327278531e-05
-4.887303803e-04,-2.350189316e-04
-4.214315850e-04,-2.361344086e-04
-3.660944931e-04,-2.812471066e-04
-4.052358272e-04,-3.572086571e-04
-3.240339283e-04,-3.946032084e-04
-3.233266762e-04,-4.549433361e-04
-2.526672033e-04,-4.991968744e-04
-1.035731402e-04,-5.255648284e-04
-1.604007120e-04,-4.902351066e-04
-8.237434668e-05,-5.228307564e-04
5.732597492e-05,-5.370376166e-04
9.401327407e-05,-5.100193666e-04
9.983748168e-05,-5.169543438e-04
2.272675629e-04,-4.484166275e-04
3.166148090e-04,-4.065221874e-04
2.569819335e-04,-4.057579790e-04
3.697020002e-04,-4.100157821e-04
4.637722159e-04,-3.213947639e-04
4.324961628e-04,-2.261141199e-04
4.819615860e-04,-1.703308226e-04
5.007395521e-04,-1.222419378e-04
4.743906029e-04,-8.429201262e-05
4.977633944e-04,-6.583682080e-06
5.186299095e-04,4.622817505e-05
5.288353423e-04,1.054718232e-04
4.625475558e-04,1.590621396e-04
4.882082576e-04,2.601622546e-04
4.818666785e-04,3.278075601e-04
4.007169628e-04,3.514793934e-04
3.724930575e-04,4.143305123e-04
3.236067132e-04,4.282953450e-04
2.386264387e-04,4.298569984e-04
1.054528329e-04,5.083248252e-04
8.999755664e-05,5.727375974e-04
7.456601452e-05,5.292673013e-04
-3.958753496e-06,5.291533307e-04
-7.262935833e-05,5.238702870e-04
-1.132991383e-04,5.106317112e-04
-1.540970843e-04,4.911844735e-04
-2.463635756e-04,4.089192662e-04
-3.520917089e-04,3.631562868e-04
-3.942092299e-04,3.658903879e-04
-4.353774129e-04,3.610012645e-04
-4.731279914e-04,2.371976734e-04
-4.741295415e-04,2.089500194e-04
-5.145951873e-04,1.667233155e-04
-4.778699367e-04,2.406105523e-05
-4.830581020e-04,8.354203374e-07
-5.363114178e-04,-4.719175558e-05
-4.856213054e-04,-1.117754437e-04
-4.976162454e-04,-2.137299598e-04
-4.814774438e-04,-2.733248693e-04
-4.114682670e-04,-3.139756445e-04
-4.013340513e-04,-3.181195352e-04
-3.375145607e-04,-3.472405660e-04
-2.502131392e-04,-4.172687477e-04
-2.007667063e-04,-4.149048764e-04
-2.131888323e-04,-4.912176519e-04
-1.489468996e-04,-5.438254448e-04
-2.071462768e-05,-5.118421395e-04
6.294132618e-05,-4.945498658e-04
9.765873983e-05,-5.204336485e-04
1.347210200e-04,-4.888775293e-04
2.037049126e-04,-4.594052443e-04
2.956201497e-04,-4.426303785e-04
3.206495312e-04,-3.812697250e-04
3.380367125e-04,-3.046768543e-04
4.229790356e-04,-2.668930683e-04
4.106660781e-04,-2.742552024e-04
4.596995423e-04,-2.241774637e-04
5.050543114e-04,-1.823399798e-04
5.200396990e-04,-8.990737115e-05
5.386942648e-04,-1.210410210e-05
4.967618152e-04,3.001342520e-05
5.446418654e-04,1.336387795e-04
5.149274948e-04,1.931434963e-04
4.730710061e-04,2.411374444e-04
4.464230151e-04,3.082463809e-04
4.006267700e-04,3.449906362e-04
3.487832437e-04,3.652590676e-04
2.688060049e-04,4.484688397e-04
2.446500002e-04,4.855690931e-04
2.152916277e-04,4.688511835e-04
1.211074705e-04,4.611710319e-04
2.230952077e-06,5.660637398e-04
2.924920591e-05,6.015786203e-04
-8.668910596e-05,5.031746114e-04
-1.812814735e-04,5.134987296e-04
-1.677438704e-04,4.521712835e-04
-2.918465179e-04,4.295579565e-04
-3.299672971e-04,4.161532561e-04
-3.559982579e-04,3.702621034e-04
-4.180471878e-04,3.062195319e-04
-4.300231230e-04,2.205177443e-04
-4.409975081e-04,2.309842384e-04
-5.282989587e-04,1.397952583e-04
-5.482873530e-04,1.166645525e-04
-5.375407636e-04,4.745282422e-05
-5.671602557e-04,-1.200299666e-04
-5.744701484e-04,-1.147136572e-04
-5.181267625e-04,-1.717026171e-04
-4.376843281e-04,-2.361913794e-04
-4.551664460e-04,-2.903940040e-04
-3.877964336e-04,-4.194617213e-04
-3.054031113e-04,-4.142925609e-04
-2.960473357e-04,-4.137704091e-04
-2.168343053e-04,-4.622485139e-04
-1.250519854e-04,-5.142012378e-04
-7.505017857e-05,-5.291723646e-04
-5.202865214e-05,-5.048692110e-04
2.904509711e-05,-5.049784086e-04
1.073657550e-04,-4.502346274e-04
1.719826687e-04,-5.349538405e-04
2.345537650e-04,-5.106506869e-04
2.664468775e-04,-4.272700462e-04
3.281635582e-04,-4.736643459e-04
4.696676333e-04,-3.587703104e-04
4.709492496e-04,-2.661858161e-04
4.377982405e-04,-2.455281501e-04
4.710062058e-04,-2.431453031e-04
4.802290641e-04,-1.526825654e-04
5.167122581e-04,-7.450905105e-05
5.160429282e-04,3.939766430e-06
5.406831042e-04,6.197774928e-05
5.056287046e-04,1.029798004e-04
4.736833507e-04,1.521604281e-04
4.172307672e-04,2.323038207e-04
4.430386180e-04,2.904889407e-04
4.292636586e-04,2.911772172e-04
3.189739364e-04,4.233682412e-04
2.922357235e-04,4.352302640e-04
2.526481985e-04,4.409215762e-04
1.606238075e-04,4.843966744e-04
1.096916458e-04,5.235759891e-04
8.620493463e-05,5.430232268e-04
-2.603093890e-05,5.485484144e-04
-6.279418449e-05,4.818286980e-04
-1.335106208e-04,3.981727350e-04
-2.444838756e-04,4.597564985e-04
-2.077775862e-04,4.545303818e-04
-2.797234047e-04,4.393788986e-04
-4.237764806e-04,3.717098443e-04
-4.138843215e-04,2.713929571e-04
-4.175298091e-04,2.661858161e-04
-4.642563872e-04,1.473662560e-04
-5.328700063e-04,9.535659046e-05
-5.288922694e-04,9.228546696e-05
-4.994010087e-04,3.270955494e-05
-5.456671352e-04,-2.404206862e-05
-5.314412410e-04,-1.672786893e-04
-4.649066832e-04,-1.703640446e-04
-5.029183230e-04,-2.304288646e-04
-4.478185438e-04,-3.027591738e-04
-3.657432389e-04,-3.074821725e-04
-3.616895410e-04,-3.791479394e-04
-2.775114554e-04,-4.207623133e-04
-2.817692584e-04,-5.031223991e-04
-1.455435122e-04,-5.314602749e-04
-6.933989062e-05,-5.073612556e-04
-5.415043051e-05,-4.858444154e-04
1.829855319e-05,-4.808603553e-04
3.947836012e-05,-5.093880463e-04
1.621095289e-04,-5.507983151e-04
1.617392845e-04,-5.195222911e-04
2.614248660e-04,-4.376273719e-04
3.725452698e-04,-3.694599145e-04
