I , Q   (centre=5000.000 MHz ; BW=5.000 MHz ; fs=10.000 MSa/s)
-1.171491924e-03,-1.125154551e-03
-9.385757730e-04,-1.240812824e-03
-8.246832876e-04,-1.407702337e-03
-7.122765528e-04,-1.467767172e-03
-4.570983583e-04,-1.470145187e-03
-2.441895776e-04,-1.571468427e-03
-4.806989818e-05,-1.593393506e-03
2.076494275e-04,-1.568473293e-03
4.072816519e-04,-1.552671427e-03
6.406867178e-04,-1.489502261e-03
8.233969565e-04,-1.475907746e-03
9.385567973e-04,-1.307589468e-03
1.144212554e-03,-1.176718040e-03
1.272221794e-03,-1.063124626e-03
1.388924313e-03,-8.400056977e-04
1.458430314e-03,-7.619223325e-04
1.565610990e-03,-5.439535598e-04
1.659272937e-03,-3.523147898e-04
1.553264796e-03,-1.601396361e-04
1.609641477e-03,8.187119238e-05
1.636754605e-03,3.006801417e-04
1.569664688e-03,5.558393314e-04
1.498706173e-03,6.879354478e-04
1.368209720e-03,8.982430445e-04
1.252864720e-03,1.028815401e-03
1.086421427e-03,1.150183962e-03
9.828673210e-04,1.301247859e-03
7.629096508e-04,1.383959316e-03
5.630163359e-04,1.481860061e-03
4.479704367e-04,1.553934067e-03
1.971402235e-04,1.639208640e-03
2.662902443e-05,1.622789772e-03
-1.694716630e-04,1.507131499e-03
-3.911618551e-04,1.553972019e-03
-5.044229911e-04,1.503989217e-03
-7.758681895e-04,1.374456333e-03
-9.154261206e-04,1.380722038e-03
-1.071474049e-03,1.195462770e-03
-1.273560338e-03,1.042685355e-03
-1.252992894e-03,9.513871628e-04
-1.421724097e-03,6.983829662e-04
-1.558006741e-03,5.050923210e-04
-1.532365102e-03,3.163157671e-04
-1.581901684e-03,1.219998521e-04
-1.601928030e-03,-4.485162935e-05
-1.581009245e-03,-2.965694875e-04
-1.576732495e-03,-4.076756304e-04
-1.478959806e-03,-6.166066742e-04
-1.386821503e-03,-8.644749760e-04
-1.284549013e-03,-9.965141071e-04
-1.140738023e-03,-1.172536169e-03
-9.950093227e-04,-1.336430549e-03
-8.092090720e-04,-1.475741621e-03
-6.122919149e-04,-1.478290535e-03
-4.531206214e-04,-1.560422825e-03
-2.410472516e-04,-1.630992163e-03
-3.925526471e-05,-1.625115750e-03
1.494073367e-04,-1.664162148e-03
3.303185513e-04,-1.606537029e-03
4.843586939e-04,-1.519885962e-03
7.335655391e-04,-1.449838863e-03
9.001939325e-04,-1.373749110e-03
1.116786152e-03,-1.206617570e-03
1.246243017e-03,-9.833325166e-04
1.315027592e-03,-8.260551258e-04
1.503913314e-03,-6.724469131e-04
1.525838277e-03,-4.837985616e-04
1.577772084e-03,-2.829938894e-04
1.653714571e-03,-1.173148557e-04
1.620706054e-03,1.125918789e-04
1.578740426e-03,3.278265358e-04
1.536081661e-03,4.759712610e-04
1.501497230e-03,6.873563398e-04
1.390818274e-03,8.525369922e-04
1.301285927e-03,1.006615115e-03
1.178464852e-03,1.177539234e-03
9.991580155e-04,1.317462651e-03
8.244412020e-04,1.380517846e-03
5.970787024e-04,1.444688649e-03
4.510937724e-04,1.539356890e-03
2.294415608e-04,1.617046306e-03
-1.471479010e-07,1.620895928e-03
-2.103835286e-04,1.586809754e-03
-4.354913544e-04,1.580729266e-03
-5.863891565e-04,1.494040131e-03
-7.606027648e-04,1.425459748e-03
-8.818431525e-04,1.320904004e-03
-1.038019313e-03,1.171957119e-03
-1.204666682e-03,1.043430530e-03
-1.353499596e-03,8.756676689e-04
-1.462631160e-03,6.557480083e-04
-1.565463841e-03,4.895468592e-04
-1.632999978e-03,3.549777030e-04
-1.617824775e-03,1.423822105e-04
-1.677832566e-03,-6.631149154e-05
-1.618902199e-03,-2.961042919e-04
-1.507131499e-03,-4.873158759e-04
-1.462204033e-03,-6.616766332e-04
-1.322707743e-03,-8.291641716e-04
-1.226572669e-03,-9.932816029e-04
-1.158960629e-03,-1.158756553e-03
-1.046795980e-03,-1.277576084e-03
-8.447998553e-04,-1.444612630e-03
-6.031782250e-04,-1.550549641e-03
-4.082120140e-04,-1.556017902e-03
-1.673356455e-04,-1.552799600e-03
4.704461026e-05,-1.590768574e-03
2.647712827e-04,-1.601572032e-03
4.337065911e-04,-1.572787995e-03
5.992384977e-04,-1.531358692e-03
7.876020391e-04,-1.413654652e-03
9.288687725e-04,-1.332485932e-03
1.088581164e-03,-1.229696092e-03
1.184213092e-03,-1.127314288e-03
1.370255486e-03,-9.623187943e-04
1.481024665e-03,-7.006898522e-04
1.437027473e-03,-4.914787714e-04
1.549154171e-03,-3.593446745e-04
1.598524628e-03,-1.415230508e-04
1.596089569e-03,1.446843671e-04
1.614962472e-03,3.447485506e-04
1.562022488e-03,5.440484965e-04
1.451514428e-03,7.078668568e-04
1.373582985e-03,8.456922369e-04
1.246893313e-03,1.067083329e-03
1.033429173e-03,1.249556313e-03
9.350774344e-04,1.283974620e-03
7.660140400e-04,1.390243880e-03
5.680905888e-04,1.464790897e-03
4.190155305e-04,1.493874006e-03
1.917669433e-04,1.601890079e-03
3.053081673e-05,1.611036947e-03
-1.437729952e-04,1.610851847e-03
-3.739787790e-04,1.548171625e-03
-5.422447575e-04,1.462802058e-03
-7.179488894e-04,1.450565062e-03
-8.880328387e-04,1.311961212e-03
-1.047038008e-03,1.215935335e-03
-1.223430387e-03,1.050479361e-03
-1.311382162e-03,8.554372471e-04
-1.402870170e-03,7.303662715e-04
-1.551684109e-03,4.671186616e-04
-1.616410213e-03,2.376058983e-04
-1.626288169e-03,8.696915756e-05
-1.629501698e-03,-3.771258343e-05
-1.597129158e-03,-2.723755315e-04
-1.518196077e-03,-4.636250669e-04
-1.414229046e-03,-6.035342230e-04
-1.327373786e-03,-8.011206519e-04
-1.253458089e-03,-1.003301935e-03
-1.181849279e-03,-1.182670472e-03
-1.007246436e-03,-1.299705240e-03
-8.418426733e-04,-1.442661742e-03
-6.769468309e-04,-1.536399708e-03
-4.569844168e-04,-1.625058707e-03
-2.972007787e-04,-1.647021738e-03
-8.371291915e-05,-1.594338100e-03
1.452634606e-04,-1.584260841e-03
3.664315154e-04,-1.566949533e-03
5.063929129e-04,-1.514270552e-03
7.006898522e-04,-1.445524045e-03
9.526307695e-04,-1.365342643e-03
1.052525244e-03,-1.212774077e-03
1.179452171e-03,-1.030358137e-03
1.327857957e-03,-8.800583892e-04
1.468768693e-03,-7.016012096e-04
1.577772084e-03,-5.010006134e-04
1.599958166e-03,-3.056974092e-04
1.675207634e-03,-6.950602256e-05
1.638003043e-03,9.531861724e-05
1.570837107e-03,3.015725233e-04
1.531747985e-03,5.188719952e-04
1.420978806e-03,6.884908071e-04
1.376592321e-03,8.823083481e-04
1.257606666e-03,1.016317401e-03
1.129431417e-03,1.196858357e-03
9.633441223e-04,1.359058078e-03
7.544652908e-04,1.439391286e-03
6.231666193e-04,1.532882452e-03
4.317889106e-04,1.606722246e-03
2.846315037e-04,1.620800933e-03
1.022725410e-04,1.607932616e-03
-1.586491708e-04,1.617715578e-03
-3.510711540e-04,1.561500365e-03
-5.664007622e-04,1.503391191e-03
-8.109415649e-04,1.449411619e-03
-1.023480087e-03,1.356309745e-03
-1.118608867e-03,1.221901970e-03
-1.242953585e-03,9.925742634e-04
-1.403316390e-03,9.129862883e-04
-1.482695458e-03,7.341446471e-04
-1.508821384e-03,4.806372744e-04
-1.496195095e-03,3.551248519e-04
-1.570723136e-03,1.210172850e-04
-1.566541381e-03,-5.926263111e-05
-1.555030583e-03,-2.674294519e-04
-1.603266574e-03,-5.147423362e-04
-1.498093829e-03,-6.641354412e-04
-1.355322427e-03,-8.600462461e-04
-1.283248421e-03,-1.008789055e-03
-1.178075559e-03,-1.121936366e-03
-9.988589445e-04,-1.330630039e-03
-8.210378583e-04,-1.462018816e-03
-6.071607349e-04,-1.528885681e-03
-4.129539884e-04,-1.552894595e-03
-1.627408346e-04,-1.556165051e-03
6.528619997e-05,-1.619946561e-03
2.256869047e-04,-1.670726808e-03
4.236815439e-04,-1.592107117e-03
5.844002590e-04,-1.494448399e-03
8.100634441e-04,-1.421800000e-03
9.825682500e-04,-1.299800118e-03
1.118423766e-03,-1.222072868e-03
1.275383052e-03,-1.035712427e-03
1.418040600e-03,-8.593769744e-04
1.481318963e-03,-6.929005031e-04
1.484518289e-03,-4.852890270e-04
1.616429188e-03,-2.836441854e-04
1.639284659e-03,-2.140290053e-05
1.628984232e-03,1.363206684e-04
1.678611035e-03,3.385018790e-04
1.593170338e-03,5.245063221e-04
1.462612185e-03,6.162696518e-04
1.408613636e-03,7.926430553e-04
1.315065543e-03,9.891139343e-04
1.136793522e-03,1.120801899e-03
9.246679256e-04,1.247339533e-03
7.431253907e-04,1.364915515e-03
5.921706324e-04,1.445229747e-03
3.952535044e-04,1.525819302e-03
1.996322389e-04,1.549861394e-03
-2.272248457e-05,1.566280262e-03
-2.048203896e-04,1.543780905e-03
-3.803583386e-04,1.572697773e-03
-5.508742761e-04,1.514346572e-03
-7.189124590e-04,1.373193692e-03
-8.862290997e-04,1.364934491e-03
-1.056170673e-03,1.208127011e-03
-1.230830560e-03,1.039989176e-03
-1.330255065e-03,8.898935630e-04
-1.458041137e-03,6.744358107e-04
-1.495620818e-03,4.751927918e-04
-1.545864623e-03,2.760209900e-04
-1.676973421e-03,8.786153921e-05
-1.619239221e-03,-1.331783424e-04
-1.564329374e-03,-2.825476986e-04
-1.562188612e-03,-4.967048881e-04
-1.408784534e-03,-7.270767819e-04
-1.361773117e-03,-8.926656446e-04
-1.302624471e-03,-1.096536638e-03
-1.135179657e-03,-1.213481301e-03
-9.993620915e-04,-1.268391148e-03
-8.028152515e-04,-1.423043665e-03
-5.917054368e-04,-1.507838839e-03
-3.975936270e-04,-1.504900632e-03
-1.966940326e-04,-1.587944222e-03
6.621655757e-06,-1.602668548e-03
1.905233075e-04,-1.610054402e-03
3.788868780e-04,-1.541640144e-03
5.908700405e-04,-1.471037627e-03
7.477723993e-04,-1.406624797e-03
9.298893274e-04,-1.232634299e-03
1.114184968e-03,-1.200204715e-03
1.246822183e-03,-1.032033702e-03
1.374494284e-03,-8.351308061e-04
1.422170200e-03,-7.270957576e-04
1.545826672e-03,-5.285932566e-04
1.612304361e-03,-3.753363271e-04
1.600551535e-03,-1.257022814e-04
1.634243643e-03,1.190996118e-04
1.584668993e-03,3.235687618e-04
1.540842699e-03,5.211741664e-04
1.435465761e-03,6.567875389e-04
1.329049352e-03,8.765790262e-04
1.259951503e-03,1.043729600e-03
1.106167794e-03,1.189567382e-03
9.723248659e-04,1.355877728e-03
7.918598130e-04,1.429945347e-03
5.982131697e-04,1.526042470e-03
4.317889106e-04,1.590322354e-03
2.359682840e-04,1.575821196e-03
3.453229147e-05,1.609736355e-03
-2.091351489e-04,1.581939636e-03
-4.667294270e-04,1.536361757e-03
-6.005960167e-04,1.504862681e-03
-7.814313285e-04,1.425943919e-03
-9.926502826e-04,1.322612865e-03
-1.151579549e-03,1.161784865e-03
-1.315844012e-03,1.053640735e-03
-1.423209789e-03,8.846864221e-04
-1.568326144e-03,6.867250195e-04
-1.596383867e-03,4.941416555e-04
-1.610163599e-03,2.795905166e-04
-1.621636329e-03,9.173010767e-05
-1.564144273e-03,-1.559530501e-04
-1.593502588e-03,-2.917325764e-04
-1.528439578e-03,-4.563151451e-04
-1.420200337e-03,-6.913198158e-04
-1.359765301e-03,-8.906198200e-04
-1.252921647e-03,-1.071232022e-03
-1.087256824e-03,-1.187597518e-03
-9.574297001e-04,-1.360733644e-03
-7.852808922e-04,-1.422654372e-03
-6.163645885e-04,-1.506998669e-03
-3.867901396e-04,-1.590507454e-03
-1.485529356e-04,-1.582846278e-03
3.947836012e-05,-1.649062848e-03
3.148680262e-04,-1.619946561e-03
4.624146677e-04,-1.489559188e-03
6.138345925e-04,-1.489668386e-03
7.954483153e-04,-1.503263018e-03
9.480786975e-04,-1.371200080e-03
1.116639003e-03,-1.184991561e-03
1.320885029e-03,-1.017176546e-03
1.407702337e-03,-8.430340677e-04
1.457666163e-03,-6.882866728e-04
1.530689420e-03,-5.418365472e-04
1.546106767e-03,-3.213567834e-04
1.605497557e-03,-1.355374552e-04
1.604363089e-03,7.398691378e-05
1.576305367e-03,3.101782931e-04
1.524964930e-03,5.082346033e-04
1.439035288e-03,6.581640919e-04
1.391226426e-03,8.543786826e-04
1.247880631e-03,1.087000594e-03
1.114184968e-03,1.247173408e-03
1.043169410e-03,1.303421916e-03
8.231928223e-04,1.399224624e-03
6.748060696e-04,1.534857089e-03
4.259884299e-04,1.573571237e-03
2.115512179e-04,1.622509793e-03
4.598609303e-05,1.628295984e-03
-2.563648741e-04,1.569702639e-03
-3.849484201e-04,1.547388383e-03
-5.867214059e-04,1.519178739e-03
-7.452614373e-04,1.393908402e-03
-8.901166730e-04,1.303331694e-03
-1.089881756e-03,1.232857350e-03
-1.187464572e-03,1.093285158e-03
-1.338737435e-03,9.495643899e-04
-1.458226237e-03,7.742352900e-04
-1.578811556e-03,5.035116337e-04
-1.604695339e-03,2.854479535e-04
-1.619742368e-03,1.175189609e-04
-1.633873326e-03,-6.467387720e-05
-1.577548916e-03,-2.857469954e-04
-1.548337750e-03,-5.267373053e-04
-1.468322473e-03,-7.386777434e-04
-1.370274462e-03,-9.309715824e-04
-1.239179983e-03,-1.044750097e-03
-1.121974317e-03,-1.143097179e-03
-9.721587412e-04,-1.259149401e-03
-7.695265813e-04,-1.381244161e-03
-6.049250369e-04,-1.448742347e-03
-4.142735561e-04,-1.510682050e-03
-2.036147198e-04,-1.583482372e-03
-8.741534839e-05,-1.653771615e-03
1.268889609e-04,-1.629093429e-03
4.308443167e-04,-1.568065025e-03
5.770713324e-04,-1.562098390e-03
7.806671201e-04,-1.418766915e-03
9.443382733e-04,-1.349911094e-03
1.093114261e-03,-1.200294937e-03
1.216770732e-03,-1.034207642e-03
1.322835917e-03,-8.917732630e-04
1.501886407e-03,-6.410759524e-04
1.433011726e-03,-4.953093594e-04
1.534800162e-03,-2.465297002e-04
1.631419291e-03,-5.554121526e-05
1.586472732e-03,1.427904208e-04
1.628201106e-03,3.513132397e-04
1.601628959e-03,4.687752516e-04
1.538739889e-03,6.464302423e-04
1.415904611e-03,8.587836637e-04
1.290591550e-03,1.037853188e-03
1.139883650e-03,1.142394613e-03
1.003154786e-03,1.293975976e-03
8.134146337e-04,1.417575404e-03
6.261428352e-04,1.498820027e-03
4.102198873e-04,1.521224505e-03
1.966038399e-04,1.543538761e-03
4.382634143e-05,1.583947451e-03
-1.903002121e-04,1.526151551e-03
-3.843930317e-04,1.516036340e-03
-5.559105193e-04,1.536437776e-03
-7.228190079e-04,1.414361876e-03
-8.883698611e-04,1.268130145e-03
-1.105389325e-03,1.157379942e-03
-1.246670261e-03,1.025635167e-03
-1.376744243e-03,8.557694964e-04
-1.501625404e-03,6.817220128e-04
-1.572602894e-03,4.786863865e-04
-1.619258313e-03,2.617618884e-04
-1.632458880e-03,9.538981249e-05
-1.611521118e-03,-9.918717842e-05
-1.551983180e-03,-3.079141025e-04
-1.519197715e-03,-4.775139387e-04
-1.426261966e-03,-6.056512939e-04
-1.370943850e-03,-8.051553741e-04
-1.250040485e-03,-1.006111968e-03
-1.050925581e-03,-1.144938869e-03
-9.276583442e-04,-1.381187234e-03
-7.559367805e-04,-1.413061284e-03
-5.266043590e-04,-1.396637759e-03
-3.871841182e-04,-1.566465362e-03
-2.114230592e-04,-1.583055127e-03
1.087945111e-05,-1.610016450e-03
1.895170135e-04,-1.583890524e-03
4.141833633e-04,-1.512542833e-03
5.821835366e-04,-1.508783433e-03
7.612530608e-04,-1.414043945e-03
9.544535424e-04,-1.320604933e-03
1.117213396e-03,-1.244999468e-03
1.241130871e-03,-1.060703769e-03
1.357444213e-03,-8.484453429e-04
1.470425283e-03,-6.342501729e-04
1.502721920e-03,-4.590682220e-04
1.567395753e-03,-3.015345428e-04
1.672459301e-03,-5.212358519e-05
1.643822412e-03,1.364678174e-04
1.567153609e-03,3.089536331e-04
1.543614781e-03,5.257689627e-04
1.482249354e-03,6.920270971e-04
1.406121650e-03,8.739778423e-04
1.285740407e-03,1.102897222e-03
1.147786854e-03,1.189287286e-03
9.796679951e-04,1.289646956e-03
7.448722026e-04,1.412335085e-03
5.483822897e-04,1.474683057e-03
3.962550545e-04,1.613509958e-03
1.368760277e-04,1.625785022e-03
-6.558524183e-05,1.612375490e-03
-2.264273935e-04,1.657412271e-03
-4.510368162e-04,1.569906715e-03
-6.007811753e-04,1.491918345e-03
-7.664791774e-04,1.468806644e-03
-9.457718115e-04,1.344181830e-03
-1.077013439e-03,1.229453948e-03
-1.219637808e-03,1.101074507e-03
-1.442011446e-03,9.032270755e-04
-1.509917900e-03,7.091152365e-04
-1.541250851e-03,5.133278319e-04
-1.622713869e-03,2.739751653e-04
-1.612636610e-03,6.870857760e-05
-1.606499078e-03,-6.982405466e-05
-1.591437845e-03,-3.029822838e-04
-1.593445661e-03,-5.398477078e-04
-1.436638180e-03,-7.563829422e-04
-1.292063040e-03,-9.330696194e-04
-1.248013577e-03,-1.080340939e-03
-1.056427020e-03,-1.189401257e-03
-8.899315144e-04,-1.301993150e-03
-7.695455570e-04,-1.471763826e-03
-5.536606186e-04,-1.538535813e-03
-3.690137237e-04,-1.589785912e-03
-1.236944227e-04,-1.582623227e-03
1.199919934e-04,-1.586975879e-03
2.421769750e-04,-1.592890359e-03
4.308775533e-04,-1.558471937e-03
6.328926538e-04,-1.491809147e-03
7.915085880e-04,-1.379160327e-03
9.399855626e-04,-1.257103519e-03
1.139508677e-03,-1.142223715e-03
1.276759664e-03,-1.002874691e-03
1.364417025e-03,-8.300565532e-04
1.500063692e-03,-6.867820048e-04
1.568065025e-03,-4.611330514e-04
1.650847611e-03,-2.757219481e-04
1.693691360e-03,-8.867797442e-05
1.588964718e-03,1.051158179e-04
1.565796090e-03,2.630435047e-04
1.497258432e-03,4.841735645e-04
1.377840759e-03,6.818169495e-04
1.365399687e-03,8.659416926e-04
1.186833251e-03,1.020223834e-03
1.030153944e-03,1.198529149e-03
9.638805059e-04,1.300725737e-03
7.316146512e-04,1.374214306e-03
5.601303419e-04,1.524219755e-03
4.025017261e-04,1.604344114e-03
1.781771280e-04,1.633517328e-03
-5.786709880e-05,1.612750464e-03
-2.484473807e-04,1.659961301e-03
-3.827174660e-04,1.639564638e-03
-5.930250627e-04,1.501682331e-03
-8.168322383e-04,1.416369807e-03
-9.604960796e-04,1.331593608e-03
-1.098506618e-03,1.215152093e-03
-1.235591481e-03,1.086810720e-03
-1.356437802e-03,8.745142259e-04
-1.476486796e-03,6.616766332e-04
-1.532996306e-03,5.004262784e-04
-1.627009595e-03,2.879019885e-04
-1.595382346e-03,9.362403944e-05
-1.570148859e-03,-1.705539180e-04
-1.638150192e-03,-3.514034324e-04
-1.564272447e-03,-4.793936387e-04
-1.522843144e-03,-7.107528509e-04
-1.389721758e-03,-8.534863009e-04
-1.256230171e-03,-1.019051415e-03
-1.162159955e-03,-1.179803396e-03
-9.497115389e-04,-1.295314520e-03
-7.766323979e-04,-1.413336606e-03
-5.607664352e-04,-1.472247997e-03
-3.508670488e-04,-1.544060884e-03
-1.552315516e-04,-1.591532724e-03
4.224568693e-05,-1.574705704e-03
2.349287533e-04,-1.609570230e-03
4.991589230e-04,-1.599734998e-03
6.457039854e-04,-1.544003957e-03
8.065128932e-04,-1.472618198e-03
1.002708566e-03,-1.288493513e-03
1.104439958e-03,-1.178782899e-03
1.282484154e-03,-1.055387431e-03
1.391193247e-03,-8.803716628e-04
1.445766189e-03,-6.381187704e-04
1.528439578e-03,-4.218777758e-04
1.530096168e-03,-2.750526473e-04
1.581194461e-03,-3.497848229e-05
1.585770282e-03,3.466045018e-05
1.572621870e-03,3.093428677e-04
1.577938208e-03,5.921136471e-04
1.518974546e-03,6.456850097e-04
1.421595924e-03,8.620730950e-04
1.239009085e-03,1.048376551e-03
1.109106001e-03,1.155467005e-03
8.997287368e-04,1.251934329e-03
7.397979498e-04,1.392603037e-03
6.131842965e-04,1.503671170e-03
3.898042778e-04,1.548821921e-03
1.648626203e-04,1.610386651e-03
-6.872756785e-05,1.647411031e-03
-2.216142311e-04,1.625058707e-03
-4.979674704e-04,1.603337820e-03
-6.598396576e-04,1.507909968e-03
-7.630188484e-04,1.392175793e-03
-1.006482169e-03,1.328992425e-03
-1.169522060e-03,1.181607135e-03
-1.313389977e-03,1.079410547e-03
-1.372021274e-03,8.764840895e-04
-1.485353685e-03,7.045204402e-04
-1.592591288e-03,6.037004059e-04
-1.569033368e-03,3.298723605e-04
-1.543685910e-03,1.034449742e-04
-1.672976767e-03,-1.511208975e-04
-1.641273499e-03,-3.781084088e-04
-1.444650698e-03,-5.626983475e-04
-1.449710689e-03,-7.430684636e-04
-1.372391591e-03,-9.253894095e-04
-1.225623419e-03,-1.098658424e-03
-1.061187941e-03,-1.167903421e-03
-9.138596943e-04,-1.315340865e-03
-8.020130335e-04,-1.504919608e-03
-5.778735504e-04,-1.517412951e-03
-3.914039407e-04,-1.584801939e-03
-1.910786668e-04,-1.701205387e-03
1.086046450e-05,-1.678093686e-03
1.687501644e-04,-1.636868576e-03
4.525794939e-04,-1.593189314e-03
6.201002398e-04,-1.528904657e-03
7.604935672e-04,-1.376018045e-03
1.009999425e-03,-1.248906017e-03
1.119966386e-03,-1.149794785e-03
1.232278300e-03,-9.707632125e-04
1.355080283e-03,-8.322115755e-04
1.401863876e-03,-6.932707620e-04
1.485301415e-03,-5.375597975e-04
1.590303378e-03,-3.410461068e-04
1.569142565e-03,-5.505705121e-05
1.558210817e-03,9.178231994e-05
1.604904188e-03,3.042876197e-04
1.537088072e-03,5.488616880e-04
1.482121181e-03,7.102497038e-04
1.396694686e-03,9.270270239e-04
1.238045515e-03,1.092316816e-03
1.133598969e-03,1.183785847e-03
9.536180878e-04,1.292955363e-03
7.095994079e-04,1.429385273e-03
5.632014945e-04,1.508541289e-03
4.237385001e-04,1.578332158e-03
1.501145889e-04,1.581583638e-03
-2.595973820e-05,1.565482817e-03
-1.879031333e-04,1.614606474e-03
-4.190345062e-04,1.616377034e-03
-6.311458419e-04,1.552875619e-03
-8.126313915e-04,1.412966405e-03
-9.524266934e-04,1.274153707e-03
-1.104739029e-03,1.251545153e-03
-1.269933884e-03,1.109552104e-03
-1.429404248e-03,8.901736001e-04
-1.477360260e-03,7.086690748e-04
-1.538706594e-03,5.012426991e-04
-1.589804888e-03,3.323833807e-04
-1.602208125e-03,9.522368055e-05
-1.602635253e-03,-1.245678141e-04
-1.565292943e-03,-2.769323473e-04
-1.496271114e-03,-5.304349470e-04
-1.416758983e-03,-7.404672215e-04
-1.374309184e-03,-8.975167875e-04
-1.251730253e-03,-1.067510573e-03
-1.122254296e-03,-1.204908709e-03
-9.675829206e-04,-1.367578399e-03
-7.704236777e-04,-1.448519179e-03
-5.555782700e-04,-1.540453406e-03
-3.779043036e-04,-1.618531998e-03
-2.447829174e-04,-1.623440068e-03
6.488748113e-06,-1.649789046e-03
2.517937974e-04,-1.636977657e-03
4.706169711e-04,-1.623088843e-03
6.601149798e-04,-1.504620537e-03
8.021079702e-04,-1.387694967e-03
9.794259677e-04,-1.304110163e-03
1.127034309e-03,-1.130807912e-03
1.292191213e-03,-9.637713083e-04
1.410977566e-03,-8.159778663e-04
1.490916824e-03,-6.422104198e-04
1.590341330e-03,-4.551854217e-04
1.649285899e-03,-2.894304343e-04
1.635230961e-03,-8.839791553e-05
1.603413722e-03,1.430135162e-04
1.588020124e-03,3.229374415e-04
1.518770470e-03,5.052394699e-04
1.486284076e-03,6.828042679e-04
1.432973775e-03,8.762610378e-04
1.329215476e-03,1.034283661e-03
1.164428890e-03,1.192154363e-03
9.860285791e-04,1.379587571e-03
8.027013391e-04,1.472509117e-03
6.015074323e-04,1.509623602e-03
3.810845956e-04,1.565777115e-03
1.691204088e-04,1.657991437e-03
1.545053055e-05,1.649826998e-03
-2.046542504e-04,1.629985869e-03
-4.126739223e-04,1.614478300e-03
-5.646492355e-04,1.516857534e-03
-7.882523350e-04,1.394444727e-03
-9.569645044e-04,1.277262811e-03
-1.090327976e-03,1.146258437e-03
-1.217292855e-03,1.019165386e-03
-1.319508534e-03,8.394835168e-04
-1.455587102e-03,7.289375062e-04
-1.566261286e-03,5.598170683e-04
-1.658176538e-03,2.767282422e-04
-1.592482091e-03,1.320248994e-04
-1.608525985e-03,-6.510107778e-05
-1.604101970e-03,-2.724514634e-04
-1.502427622e-03,-4.626377486e-04
-1.438964158e-03,-6.971962866e-04
-1.333359396e-03,-8.652202087e-04
-1.276370371e-03,-9.618204203e-04
-1.083445270e-03,-1.202155603e-03
-9.375315276e-04,-1.394947874e-03
-7.971049636e-04,-1.411888865e-03
-5.332829896e-04,-1.522396924e-03
-3.896191774e-04,-1.555571682e-03
-2.155906695e-04,-1.558752032e-03
3.756069054e-05,-1.574795810e-03
2.168912615e-04,-1.542907441e-03
4.352302640e-04,-1.530153095e-03
6.585343508e-04,-1.478845952e-03
7.921018987e-04,-1.402979367e-03
9.580040351e-04,-1.302975696e-03
1.181797008e-03,-1.206954592e-03
1.285759383e-03,-9.869779460e-04
1.363818999e-03,-8.583944291e-04
1.438907115e-03,-6.850874051e-04
1.497908728e-03,-4.275501124e-04
1.565962215e-03,-3.113697167e-04
1.610035426e-03,-8.570178761e-05
1.596682938e-03,1.553597103e-04
1.604011864e-03,3.786257876e-04
1.617658651e-03,5.088089965e-04
1.450451091e-03,7.354072295e-04
1.329419552e-03,9.200921049e-04
1.228338457e-03,1.041721669e-03
1.038299291e-03,1.232914277e-03
8.564767777e-04,1.302102348e-03
7.337886491e-04,1.372709521e-03
5.656365538e-04,1.480426639e-03
3.516265424e-04,1.603992889e-03
1.924030075e-04,1.594228903e-03
2.683313141e-05,1.625466975e-03
-2.160510921e-04,1.622509793e-03
-4.267906188e-04,1.512913033e-03
-5.510214251e-04,1.541474019e-03
-8.409882430e-04,1.392085571e-03
-1.086701523e-03,1.231385861e-03
-1.163109206e-03,1.120265457e-03
-1.317367773e-03,9.288687725e-04
-1.435968908e-03,8.575732354e-04
-1.511631417e-03,6.846602191e-04
-1.545138424e-03,4.490099673e-04
-1.609271159e-03,2.733628207e-04
-1.691294252e-03,7.709601050e-05
-1.575242030e-03,-1.358744776e-04
-1.587626175e-03,-3.834247182e-04
-1.623886288e-03,-5.649672821e-04
-1.416925108e-03,-7.660330157e-04
-1.320139738e-03,-9.211886209e-04
-1.234974363e-03,-1.069205115e-03
-1.080488088e-03,-1.292732311e-03
-9.377023671e-04,-1.319845556e-03
-7.815595018e-04,-1.376260072e-03
-5.783719826e-04,-1.505569904e-03
-3.791099589e-04,-1.547891530e-03
-2.417307842e-04,-1.618180773e-03
-3.317473238e-05,-1.623573015e-03
2.372498857e-04,-1.572920941e-03
4.063513188e-04,-1.577401767e-03
5.389505532e-04,-1.506965375e-03
7.734900573e-04,-1.438366016e-03
9.574486758e-04,-1.303184545e-03
1.097837230e-03,-1.104012714e-03
1.238695811e-03,-9.962387849e-04
1.362148090e-03,-8.698292077e-04
1.456626575e-03,-7.089633727e-04
1.582589932e-03,-5.274445284e-04
1.633650274e-03,-2.998589480e-04
1.609271159e-03,-8.784254896e-05
1.634115470e-03,8.269237878e-05
1.593113411e-03,3.397075634e-04
1.547891530e-03,5.977859837e-04
1.499897568e-03,7.309833309e-04
1.382003655e-03,8.754255832e-04
1.247173408e-03,1.084712683e-03
1.112010912e-03,1.205055858e-03
9.144957294e-04,1.260098652e-03
7.081279182e-04,1.433310797e-03
5.625891499e-04,1.542238169e-03
3.937630390e-04,1.566356164e-03
1.877892064e-04,1.656296779e-03
-7.175596693e-05,1.613809029e-03
-2.423668338e-04,1.559326309e-03
-4.457015020e-04,1.597129158e-03
-6.898673601e-04,1.520911232e-03
-7.969767903e-04,1.365105389e-03
-1.055686502e-03,1.319342293e-03
-1.161770662e-03,1.192633761e-03
-1.267275773e-03,9.919430595e-04
-1.424643327e-03,8.358950145e-04
-1.471222728e-03,6.680942024e-04
-1.586662605e-03,4.883743823e-04
-1.571786474e-03,2.579835127e-04
-1.615147572e-03,8.523660654e-05
-1.618232927e-03,-1.277670963e-04
-1.531505841e-03,-3.359908878e-04
-1.477455138e-03,-5.403460818e-04
-1.432788675e-03,-7.344958722e-04
-1.323301112e-03,-8.375848411e-04
-1.198624144e-03,-1.046852907e-03
-1.054010936e-03,-1.231423812e-03
-8.997857221e-04,-1.312739681e-03
-7.875830634e-04,-1.406496624e-03
-5.455342471e-04,-1.480597421e-03
-3.731433535e-04,-1.548394677e-03
-1.370991231e-04,-1.590901404e-03
1.102470051e-04,-1.563285128e-03
2.172235399e-04,-1.574240508e-03
4.136422649e-04,-1.571392524e-03
6.333008641e-04,-1.454841811e-03
8.249775856e-04,-1.413061284e-03
9.416991379e-04,-1.346640638e-03
1.058045658e-03,-1.189586357e-03
1.254146337e-03,-1.030358137e-03
1.408874756e-03,-8.581902948e-04
1.501364284e-03,-6.748440210e-04
1.535042189e-03,-4.586410359e-04
1.557337469e-03,-2.826426353e-04
1.585860387e-03,-6.879876310e-05
1.580819371e-03,1.610889885e-04
1.571525354e-03,3.422565351e-04
1.523849438e-03,5.312561407e-04
1.424401184e-03,7.417868474e-04
1.309616375e-03,9.064263431e-04
1.171904849e-03,1.046777004e-03
1.059256028e-03,1.217663172e-03
9.285887354e-04,1.261978410e-03
7.758159772e-04,1.422246220e-03
6.138535682e-04,1.548855100e-03
3.343342687e-04,1.558248885e-03
1.524784602e-04,1.639972907e-03
-1.664195406e-05,1.553673064e-03
-2.494679065e-04,1.578811556e-03
-4.653908545e-04,1.582029858e-03
-6.906315684e-04,1.458188286e-03
-8.205726626e-04,1.447849907e-03
-9.849130874e-04,1.295314520e-03
-1.170528354e-03,1.155704376e-03
-1.267664949e-03,1.026807586e-03
-1.404450741e-03,8.606253541e-04
-1.501331106e-03,7.116072811e-04
-1.502911677e-03,4.687942273e-04
-1.590099186e-03,2.646051580e-04
-1.605350408e-03,2.166396916e-05
-1.597466180e-03,-1.601016702e-04
-1.581099466e-03,-3.637543705e-04
-1.493071788e-03,-6.303483970e-04
-1.504231361e-03,-7.884754450e-04
-1.440245658e-03,-9.392830543e-04
-1.264745719e-03,-1.073667081e-03
-1.115561463e-03,-1.207030495e-03
-9.552557021e-04,-1.291483874e-03
-7.494100137e-04,-1.427263487e-03
-6.155244191e-04,-1.512205810e-03
-3.968673991e-04,-1.537401346e-03
-8.200410230e-05,-1.628239057e-03
7.480809290e-05,-1.599341049e-03
2.420488017e-04,-1.593222609e-03
4.712482914e-04,-1.587778097e-03
6.787505699e-04,-1.477844431e-03
8.050272008e-04,-1.331076259e-03
9.552557021e-04,-1.229026704e-03
1.178483828e-03,-1.164333895e-03
1.245891792e-03,-9.532288532e-04
1.353945816e-03,-7.784171612e-04
1.547407359e-03,-6.456138217e-04
1.608938910e-03,-4.459958000e-04
1.601367956e-03,-3.271192836e-04
1.576153445e-03,-1.058990238e-04
1.552092377e-03,1.510259608e-04
1.536157681e-03,3.224152897e-04
1.512727933e-03,5.606334889e-04
1.419289038e-03,7.190643228e-04
1.331726555e-03,8.862860850e-04
1.215992263e-03,1.108180382e-03
1.075114822e-03,1.197394682e-03
9.266757988e-04,1.308947103e-03
7.358914008e-04,1.425611670e-03
5.635337438e-04,1.510140952e-03
3.557751479e-04,1.593203633e-03
1.071806328e-04,1.673109597e-03
-5.186251656e-05,1.703806571e-03
-2.313212462e-04,1.636887551e-03
-5.007585860e-04,1.579817850e-03
-6.613443838e-04,1.426280942e-03
-8.173544193e-04,1.403648639e-03
-1.010312815e-03,1.303663943e-03
-1.158941654e-03,1.121713198e-03
-1.309782499e-03,1.013474073e-03
-1.391563448e-03,7.519020583e-04
-1.505327760e-03,6.267218851e-04
-1.598505653e-03,4.155551724e-04
-1.568772248e-03,1.769667142e-04
-1.600181218e-03,5.697472079e-05
-1.616244088e-03,-1.887575345e-04
-1.558305812e-03,-3.684583644e-04
-1.584725920e-03,-5.473569618e-04
-1.528050285e-03,-7.924389211e-04
-1.331854612e-03,-9.382957360e-04
-1.269022468e-03,-1.089060679e-03
-1.131254132e-03,-1.260544872e-03
-9.570404654e-04,-1.427989686e-03
-7.217035163e-04,-1.496123965e-03
-5.097203539e-04,-1.484836219e-03
-4.591252073e-04,-1.575911301e-03
-1.554546470e-04,-1.589914085e-03
2.325886271e-06,-1.615427667e-03
1.634670771e-04,-1.625671051e-03
4.547724675e-04,-1.538943965e-03
5.773514276e-04,-1.486934372e-03
8.078514948e-04,-1.424401184e-03
1.059089904e-03,-1.292286091e-03
1.161471591e-03,-1.111897058e-03
1.260877121e-03,-9.577809833e-04
1.410009223e-03,-8.165569743e-04
1.521931728e-03,-6.166778621e-04
1.592757413e-03,-4.480036732e-04
1.546476968e-03,-2.864162670e-04
1.602170058e-03,-6.454096729e-05
1.656780951e-03,1.288066269e-04
1.568957465e-03,3.557941527e-04
1.465052017e-03,5.682234769e-04
1.415069215e-03,7.343107718e-04
1.334460569e-03,9.572256240e-04
1.192358439e-03,1.086255303e-03
1.084095566e-03,1.201932551e-03
8.985942695e-04,1.392436912e-03
7.119585061e-04,1.497998834e-03
5.676444271e-04,1.594190951e-03
3.905305348e-04,1.563883154e-03
1.409676916e-04,1.567675848e-03
-1.109352816e-04,1.638672315e-03
-3.207966802e-04,1.595510519e-03
-4.800059542e-04,1.535488409e-03
-6.117317826e-04,1.466594636e-03
-7.911383291e-04,1.465123147e-03
-9.814907098e-04,1.348719699e-03
-1.153269317e-03,1.174411154e-03
-1.320158830e-03,1.049810089e-03
-1.388606266e-03,8.857449284e-04
-1.470814459e-03,6.743978593e-04
-1.597129158e-03,4.623814311e-04
-1.629411476e-03,2.333860757e-04
-1.602298231e-03,3.464146357e-05
-1.610201551e-03,-1.665334566e-04
-1.643115189e-03,-3.887790081e-04
-1.537553151e-03,-5.228117807e-04
-1.459882827e-03,-7.483325317e-04
-1.356584951e-03,-8.869174053e-04
-1.240741578e-03,-1.070339582e-03
-1.090679201e-03,-1.245298423e-03
-9.093788103e-04,-1.289551961e-03
-7.546551642e-04,-1.445267699e-03
-5.226646317e-04,-1.529445872e-03
-3.175071906e-04,-1.567898900e-03
-8.055161015e-05,-1.620819909e-03
1.140965833e-04,-1.646276563e-03
3.117589513e-04,-1.588499639e-03
4.300990840e-04,-1.582718105e-03
6.435299874e-04,-1.563565107e-03
8.608864155e-04,-1.375832944e-03
9.738865192e-04,-1.275568269e-03
1.185884001e-03,-1.139252330e-03
1.303089666e-03,-9.453066159e-04
1.337916241e-03,-8.526271558e-04
1.419901382e-03,-6.183724618e-04
1.523251412e-03,-4.236625391e-04
1.535559539e-03,-2.900047984e-04
1.555642928e-03,-3.473640027e-05
1.532678376e-03,1.801470062e-04
1.580838463e-03,3.365652228e-04
1.591831795e-03,5.404030671e-04
1.348757651e-03,7.462107460e-04
1.196412137e-03,9.210224380e-04
1.163071254e-03,1.090660226e-03
1.018790412e-03,1.172721386e-03
8.473678026e-04,1.343868556e-03
7.129268488e-04,1.499527367e-03
5.737059400e-04,1.529293950e-03
4.024495138e-04,1.628813334e-03
1.476605539e-04,1.660758746e-03
-2.014027632e-05,1.612750464e-03
-1.921799121e-04,1.647800207e-03
-4.183082783e-04,1.612674561e-03
-6.104881759e-04,1.514830743e-03
-8.328998811e-04,1.389147365e-03
-9.828293696e-04,1.324378652e-03
-1.135402708e-03,1.229397021e-03
-1.298793824e-03,9.273260948e-04
-1.359988353e-03,8.422176470e-04
-1.481746207e-03,6.477118586e-04
-1.554009970e-03,4.265675379e-04
-1.586439554e-03,3.264689876e-04
-1.592795365e-03,1.231343194e-04
-1.490299706e-03,-8.006744611e-05
-1.562857884e-03,-3.863059683e-04
-1.517840079e-03,-5.258449237e-04
-1.393087208e-03,-7.117164205e-04
-1.338903559e-03,-9.263198008e-04
-1.192823634e-03,-1.043468481e-03
-1.082239556e-03,-1.238714787e-03
-8.267101366e-04,-1.364156022e-03
-6.198771880e-04,-1.456830651e-03
-5.685177748e-04,-1.539632212e-03
-3.178774496e-04,-1.608991181e-03
-1.043183729e-04,-1.619220246e-03
1.254981762e-04,-1.614905545e-03
3.295543429e-04,-1.657004119e-03
4.956653574e-04,-1.579480828e-03
7.178539527e-04,-1.478214632e-03
8.462713449e-04,-1.418173546e-03
1.040587202e-03,-1.314040273e-03
1.184697263e-03,-1.126773190e-03
1.325365971e-03,-9.883544408e-04
1.383418101e-03,-8.959551342e-04
1.490560826e-03,-7.245657616e-04
1.555533730e-03,-5.105035380e-04
1.529873000e-03,-2.698692551e-04
1.648692531e-03,-6.766430306e-05
1.621973352e-03,1.580368553e-04
1.580430195e-03,3.528559173e-04
1.549956389e-03,5.295046140e-04
1.478399732e-03,7.169615710e-04
1.408632612e-03,9.222850786e-04
1.211530413e-03,1.089620753e-03
1.033946639e-03,1.219822909e-03
8.757056785e-04,1.350694336e-03
6.720719393e-04,1.453076024e-03
5.369996652e-04,1.501088962e-03
3.137145832e-04,1.560607925e-03
1.268557389e-04,1.690344885e-03
-6.058221697e-05,1.715393271e-03
-2.637507569e-04,1.655779430e-03
-4.472821602e-04,1.558918157e-03
-6.531800609e-04,1.471744850e-03
-8.171313093e-04,1.387936994e-03
-1.030415064e-03,1.280125114e-03
-1.155875274e-03,1.035916503e-03
-1.329068327e-03,9.071478271e-04
-1.448799274e-03,7.981634699e-04
-1.517151832e-03,5.722914357e-04
-1.571786474e-03,4.573974002e-04
-1.528349356e-03,1.915248577e-04
-1.577919233e-03,-1.880170566e-05
-1.597428112e-03,-1.872290886e-04
-1.555941883e-03,-4.232543288e-04
-1.560607925e-03,-5.492556375e-04
-1.480445615e-03,-7.858362515e-04
-1.345634344e-03,-9.937989525e-04
-1.237841439e-03,-1.078333124e-03
