I , Q   (centre=5000.000 MHz ; BW=5.000 MHz ; fs=10.000 MSa/s)
-1.507093548e-03,-6.794198416e-04
-1.396860811e-03,-8.150095236e-04
-1.259742654e-03,-1.038650633e-03
-1.145275892e-03,-1.135901082e-03
-9.876851691e-04,-1.264503691e-03
-8.532442153e-04,-1.446435461e-03
-6.203423254e-04,-1.442329492e-03
-4.098306526e-04,-1.527694287e-03
-2.637697326e-04,-1.536418684e-03
-5.097013491e-05,-1.594470930e-03
1.434786973e-04,-1.681288239e-03
3.409369383e-04,-1.605924801e-03
5.336152390e-04,-1.506590401e-03
7.302000886e-04,-1.447517658e-03
8.955848753e-04,-1.345245168e-03
1.023869379e-03,-1.190981944e-03
1.189026283e-03,-1.055050525e-03
1.356846071e-03,-9.353954811e-04
1.411271864e-03,-7.627435261e-04
1.479368075e-03,-5.637568538e-04
1.556483097e-03,-3.399686248e-04
1.602668548e-03,-1.412097772e-04
1.654402819e-03,2.772551306e-05
1.638596295e-03,2.523111762e-04
1.532474183e-03,4.366068169e-04
1.487589325e-03,6.249561557e-04
1.486545079e-03,8.069211035e-04
1.293719630e-03,9.533000411e-04
1.091054291e-03,1.092463965e-03
1.001517172e-03,1.275065122e-03
8.700333419e-04,1.372951665e-03
6.414462114e-04,1.482866355e-03
4.139602825e-04,1.557114418e-03
2.181918680e-04,1.578792580e-03
3.149914482e-05,1.641610521e-03
-1.603437413e-04,1.590455184e-03
-3.742778208e-04,1.540491357e-03
-5.260489997e-04,1.486844150e-03
-7.020664052e-04,1.461425563e-03
-9.373084176e-04,1.399874920e-03
-1.090831123e-03,1.225101179e-03
-1.188005670e-03,1.056540990e-03
-1.315825037e-03,9.330316097e-04
-1.404578914e-03,7.500413340e-04
-1.498687197e-03,5.581415026e-04
-1.591940993e-03,3.841699508e-04
-1.638207119e-03,1.596364891e-04
-1.677253516e-03,-5.654751658e-05
-1.594508882e-03,-2.293323778e-04
-1.580430195e-03,-4.257843248e-04
-1.558842137e-03,-6.618665066e-04
-1.401977730e-03,-8.352779550e-04
-1.264726743e-03,-9.948242223e-04
-1.144995796e-03,-1.163498498e-03
-1.041607815e-03,-1.283822698e-03
-8.633784601e-04,-1.417912426e-03
-6.826001336e-04,-1.534277922e-03
-4.665822780e-04,-1.540415455e-03
-2.469758911e-04,-1.587331877e-03
-3.741354158e-05,-1.630897168e-03
1.635620138e-04,-1.629074453e-03
3.109994577e-04,-1.596554765e-03
5.632394459e-04,-1.504060463e-03
7.231892087e-04,-1.454765908e-03
8.776185568e-04,-1.341727795e-03
1.064425218e-03,-1.242583385e-03
1.217777026e-03,-1.066751080e-03
1.399765839e-03,-9.342990234e-04
1.437829691e-03,-7.439987967e-04
1.505959081e-03,-4.669145274e-04
1.609124010e-03,-3.571896814e-04
1.634039450e-03,-2.031875192e-04
1.609869301e-03,6.069138908e-05
1.626677345e-03,3.369022452e-04
1.536694006e-03,4.566141870e-04
1.475907746e-03,6.320382236e-04
1.420404529e-03,8.332700818e-04
1.266065286e-03,1.002504374e-03
1.146073337e-03,1.148399198e-03
9.720068192e-04,1.240219455e-03
8.138940320e-04,1.369638485e-03
6.078489823e-04,1.513136085e-03
4.882462381e-04,1.558638061e-03
2.853387850e-04,1.591864973e-03
5.375645196e-05,1.650795341e-03
-1.446321548e-04,1.609850326e-03
-3.726781870e-04,1.578180236e-03
-5.237421137e-04,1.530874637e-03
-7.161973044e-04,1.452962169e-03
-8.861579117e-04,1.371166902e-03
-1.087479992e-03,1.293548732e-03
-1.274509705e-03,1.097856322e-03
-1.372671570e-03,8.419755613e-04
-1.468692673e-03,7.093762979e-04
-1.565126819e-03,5.717740278e-04
-1.577363815e-03,3.498607548e-04
-1.634689746e-03,1.404265640e-04
-1.627085614e-03,-3.051183012e-05
-1.553468872e-03,-2.715401060e-04
-1.572398818e-03,-4.567280994e-04
-1.471132506e-03,-6.395712262e-04
-1.405879506e-03,-9.111113613e-04
-1.326405443e-03,-1.037202892e-03
-1.158495434e-03,-1.140215900e-03
-1.027196762e-03,-1.318093971e-03
-8.495228249e-04,-1.433400903e-03
-6.227204576e-04,-1.522843144e-03
-4.411067057e-04,-1.599939191e-03
-2.687347878e-04,-1.603062497e-03
-4.457157411e-05,-1.578721334e-03
1.254601957e-04,-1.612916705e-03
3.819200210e-04,-1.659776201e-03
6.143899518e-04,-1.534130774e-03
7.236923557e-04,-1.423081616e-03
9.360647528e-04,-1.362665556e-03
1.085305936e-03,-1.159520703e-03
1.224840176e-03,-1.064947341e-03
1.394520630e-03,-9.170589619e-04
1.474849181e-03,-7.222588756e-04
1.515405020e-03,-5.822975072e-04
1.583776670e-03,-2.925537701e-04
1.658048364e-03,-1.132611651e-04
1.619685441e-03,4.169032400e-05
1.639099442e-03,2.902089036e-04
1.644434757e-03,4.194427165e-04
1.530115143e-03,6.450916408e-04
1.371052931e-03,8.970705676e-04
1.205150853e-03,9.725099662e-04
1.151057309e-03,1.072124345e-03
1.023774385e-03,1.258556033e-03
8.114210214e-04,1.408319338e-03
6.476406706e-04,1.552704722e-03
4.390038957e-04,1.559473458e-03
2.494679065e-04,1.556483097e-03
7.027024549e-05,1.673869090e-03
-1.487238042e-04,1.637499896e-03
-3.649790015e-04,1.632273779e-03
-5.581415026e-04,1.557038398e-03
-7.262935978e-04,1.436785329e-03
-9.211506112e-04,1.350599458e-03
-1.102337148e-03,1.250092639e-03
-1.245502615e-03,1.115765539e-03
-1.370905782e-03,9.082300821e-04
-1.450731186e-03,7.531836745e-04
-1.523958636e-03,5.242073094e-04
-1.581270364e-03,3.122241178e-04
-1.583036152e-03,1.417129242e-04
-1.621788251e-03,-2.495343688e-05
-1.679968671e-03,-2.478682727e-04
-1.540733501e-03,-4.501444346e-04
-1.440449851e-03,-5.944205914e-04
-1.438978361e-03,-8.079843828e-04
-1.253386843e-03,-9.996563895e-04
-1.111935009e-03,-1.097115804e-03
-1.002466423e-03,-1.260953140e-03
-8.343523368e-04,-1.430315548e-03
-6.394573138e-04,-1.478143386e-03
-4.958125064e-04,-1.544322004e-03
-2.764482051e-04,-1.615351764e-03
-2.690907968e-05,-1.631808584e-03
1.520892256e-04,-1.615816844e-03
4.012960708e-04,-1.602464356e-03
5.455152714e-04,-1.521376427e-03
7.022135542e-04,-1.456104452e-03
8.957130485e-04,-1.317092450e-03
1.037183916e-03,-1.200650935e-03
1.236668904e-03,-1.056873240e-03
1.336468500e-03,-8.075382211e-04
1.437829691e-03,-6.927343784e-04
1.567542902e-03,-5.169163342e-04
1.575094881e-03,-3.107194207e-04
1.585879363e-03,-1.649385667e-04
1.588276471e-03,4.408741006e-05
1.622139476e-03,2.646621142e-04
1.612821710e-03,4.273839586e-04
1.491434174e-03,6.328926538e-04
1.394985826e-03,7.764852489e-04
1.292362111e-03,9.656320326e-04
1.176067744e-03,1.167661394e-03
1.008471008e-03,1.279977965e-03
8.039686945e-04,1.383603318e-03
6.704200641e-04,1.462037791e-03
4.432094865e-04,1.624963828e-03
2.191032254e-04,1.585732214e-03
2.218136069e-05,1.572194626e-03
-2.281599445e-04,1.708178315e-03
-3.829215711e-04,1.602521399e-03
-5.764780217e-04,1.507838839e-03
-6.941061583e-04,1.469067764e-03
-8.598421700e-04,1.348012476e-03
-1.101430506e-03,1.281463658e-03
-1.206788467e-03,1.087446697e-03
-1.350542414e-03,9.281235398e-04
-1.473211567e-03,7.007658132e-04
-1.533072325e-03,4.870358389e-04
-1.597912284e-03,3.785545996e-04
-1.610609703e-03,1.484057866e-04
-1.573011046e-03,-2.328259507e-05
-1.611131942e-03,-2.998969285e-04
-1.589838183e-03,-5.051824846e-04
-1.485614688e-03,-6.400696584e-04
-1.383028924e-03,-8.111979114e-04
-1.292433240e-03,-9.834084194e-04
-1.177017111e-03,-1.169075840e-03
-9.904525941e-04,-1.282355981e-03
-8.480561082e-04,-1.402533147e-03
-6.585533265e-04,-1.475575496e-03
-4.180471878e-04,-1.557911863e-03
-2.230429964e-04,-1.630973071e-03
-2.320664862e-05,-1.604828285e-03
1.661062561e-04,-1.583928475e-03
3.416252148e-04,-1.576490467e-03
5.558393314e-04,-1.545062521e-03
7.489828276e-04,-1.469418989e-03
9.287738358e-04,-1.397012733e-03
1.093992498e-03,-1.251602080e-03
1.194812474e-03,-1.076828339e-03
1.318245893e-03,-9.387418977e-04
1.418989967e-03,-7.124616532e-04
1.541568898e-03,-5.373556633e-04
1.665315591e-03,-3.626721154e-04
1.626079320e-03,-1.376402506e-04
1.596236718e-03,7.538244972e-05
1.586695900e-03,2.615909907e-04
1.533831819e-03,4.621203698e-04
1.444280380e-03,6.736526266e-04
1.399651868e-03,8.589497884e-04
1.311885309e-03,1.087147743e-03
1.112694503e-03,1.163199428e-03
9.866598994e-04,1.308799954e-03
7.874738658e-04,1.411979087e-03
6.112144329e-04,1.480687642e-03
4.610381147e-04,1.604586141e-03
2.085607994e-04,1.573794289e-03
-1.039528706e-05,1.628538012e-03
-2.015878854e-04,1.587797073e-03
-3.953626729e-04,1.585172140e-03
-5.526021123e-04,1.589078689e-03
-7.120154914e-04,1.414789120e-03
-8.993395022e-04,1.306735096e-03
-1.084527466e-03,1.242469414e-03
-1.226254739e-03,1.091329497e-03
-1.301603857e-03,9.111113613e-04
-1.457053819e-03,7.327680942e-04
-1.510962145e-03,4.931163858e-04
-1.549785491e-03,3.097510780e-04
-1.669184072e-03,1.548375731e-04
-1.627811813e-03,-1.005589802e-04
-1.668419922e-03,-2.643440966e-04
-1.635529916e-03,-4.479134805e-04
-1.492103445e-03,-6.834165542e-04
-1.381690381e-03,-7.580015808e-04
-1.273541362e-03,-1.039542956e-03
-1.183600747e-03,-1.201187377e-03
-1.014997717e-03,-1.228670706e-03
-8.454881026e-04,-1.395004801e-03
-6.356267259e-04,-1.521912753e-03
-3.594585869e-04,-1.580895390e-03
-2.232850820e-04,-1.586178434e-03
-1.111061574e-04,-1.641534502e-03
1.723908936e-04,-1.577102812e-03
3.694788902e-04,-1.541103702e-03
5.795633770e-04,-1.535953605e-03
7.932363660e-04,-1.436728402e-03
9.122837801e-04,-1.305804704e-03
1.064311247e-03,-1.201467356e-03
1.246447209e-03,-1.058306661e-03
1.377024339e-03,-8.783258381e-04
1.427505515e-03,-7.735660183e-04
1.528496505e-03,-5.433032638e-04
1.584706944e-03,-3.288850712e-04
1.641961746e-03,-1.319489529e-04
1.628889353e-03,6.322138506e-05
1.650738413e-03,2.128755441e-04
1.546923188e-03,4.395260476e-04
1.370255486e-03,6.267740973e-04
1.424719230e-03,8.286420489e-04
1.262348611e-03,1.040900592e-03
1.112993574e-03,1.147915027e-03
1.019981806e-03,1.290349406e-03
8.631553501e-04,1.450584037e-03
6.773929927e-04,1.510758069e-03
4.189965257e-04,1.591627719e-03
2.197915019e-04,1.654530992e-03
-7.452329100e-07,1.595624373e-03
-2.058456739e-04,1.558376942e-03
-3.127082891e-04,1.552315429e-03
-5.208608345e-04,1.532417256e-03
-7.456174353e-04,1.514901873e-03
-9.256125195e-04,1.365214470e-03
-1.088021090e-03,1.250092639e-03
-1.251265057e-03,1.049511018e-03
-1.414452097e-03,9.108882514e-04
-1.375571825e-03,8.064037538e-04
-1.543168561e-03,5.000513047e-04
-1.641719718e-03,3.277363430e-04
-1.568772248e-03,1.117754437e-04
-1.657136949e-03,-9.204338858e-05
-1.626008074e-03,-2.564028546e-04
-1.561149023e-03,-4.696106771e-04
-1.493147807e-03,-6.256586639e-04
-1.407664269e-03,-8.023500559e-04
-1.304485137e-03,-9.467353811e-04
-1.136703300e-03,-1.168221468e-03
-1.022288692e-03,-1.329770894e-03
-8.695301949e-04,-1.383066876e-03
-6.421344588e-04,-1.521784579e-03
-4.225138400e-04,-1.586249680e-03
-2.332531585e-04,-1.634651795e-03
-1.335248544e-05,-1.632178784e-03
1.913777232e-04,-1.620482886e-03
3.825703170e-04,-1.591124572e-03
5.924506695e-04,-1.508228015e-03
7.283204468e-04,-1.419792185e-03
9.237186168e-04,-1.312720706e-03
1.119520282e-03,-1.212736010e-03
1.247823704e-03,-1.076809363e-03
1.376725268e-03,-9.406928439e-04
1.464957022e-03,-7.094665198e-04
1.535042189e-03,-5.649672821e-04
1.570224762e-03,-3.604411613e-04
1.595401322e-03,-1.334346744e-04
1.612527412e-03,5.656650319e-05
1.646143617e-03,3.455650003e-04
1.608098741e-03,4.457015020e-04
1.478494727e-03,6.692476454e-04
1.372391591e-03,8.834428154e-04
1.254872535e-03,1.014831592e-03
1.145536895e-03,1.166939852e-03
1.035138033e-03,1.246580039e-03
8.362462977e-04,1.371760271e-03
6.365001318e-04,1.456664526e-03
4.575825005e-04,1.590455184e-03
1.899442141e-04,1.642407966e-03
8.330470337e-06,1.635715133e-03
-1.757040882e-04,1.581602613e-03
-3.825703170e-04,1.518585370e-03
-5.492556375e-04,1.534501091e-03
-7.259233389e-04,1.435356564e-03
-9.048266802e-04,1.342715113e-03
-1.078575151e-03,1.249608467e-03
-1.188917086e-03,1.120004454e-03
-1.339648734e-03,9.340759134e-04
-1.460642321e-03,6.929384544e-04
-1.553373993e-03,5.354000023e-04
-1.621171134e-03,2.936122764e-04
-1.605625730e-03,7.878583710e-05
-1.663383679e-03,-7.724315947e-05
-1.655518310e-03,-3.006041807e-04
-1.502498752e-03,-4.881892819e-04
-1.440169755e-03,-6.459081196e-04
-1.408817712e-03,-8.243462653e-04
-1.275288174e-03,-9.978716262e-04
-1.114389044e-03,-1.163588720e-03
-1.001517172e-03,-1.314244349e-03
-8.249063976e-04,-1.410569297e-03
-6.097808946e-04,-1.498744125e-03
-4.210803309e-04,-1.553188893e-03
-2.022571716e-04,-1.569778542e-03
-5.440675159e-05,-1.656002481e-03
1.544673287e-04,-1.655608532e-03
3.583763610e-04,-1.585841412e-03
5.065400619e-04,-1.561875339e-03
7.735280669e-04,-1.438831212e-03
9.488951182e-04,-1.350784558e-03
1.105650328e-03,-1.245611813e-03
1.311605214e-03,-1.061596209e-03
1.381989336e-03,-9.114815621e-04
1.455159858e-03,-7.593021728e-04
1.564941718e-03,-5.637378781e-04
1.573609188e-03,-3.406948526e-04
1.580933342e-03,-6.976709119e-05
1.646741643e-03,1.124779592e-04
1.635957160e-03,2.693850838e-04
1.559454482e-03,4.464230151e-04
1.498222002e-03,6.119738682e-04
1.409691176e-03,9.062744211e-04
1.262552803e-03,1.052392297e-03
1.151394332e-03,1.121936366e-03
1.031103311e-03,1.331555657e-03
8.621870656e-04,1.403909642e-03
6.526958896e-04,1.467933296e-03
4.163193807e-04,1.623235992e-03
2.694752766e-04,1.602336299e-03
3.345004006e-05,1.598785748e-03
-1.933476015e-04,1.620520838e-03
-3.604221856e-04,1.569944667e-03
-6.050009979e-04,1.542926417e-03
-7.614049828e-04,1.416032785e-03
-9.613742004e-04,1.316086156e-03
-1.127741532e-03,1.247268403e-03
-1.249817316e-03,1.057357411e-03
-1.405879506e-03,8.450988680e-04
-1.496233162e-03,7.453373400e-04
-1.502759871e-03,5.675874418e-04
-1.542295213e-03,2.957530378e-04
-1.564329374e-03,1.724098693e-04
-1.564125298e-03,-4.866323434e-05
-1.603840967e-03,-2.833831240e-04
-1.590213156e-03,-4.364596680e-04
-1.503338921e-03,-6.503367913e-04
-1.392123639e-03,-8.253335836e-04
-1.259040204e-03,-1.043729600e-03
-1.128187752e-03,-1.170082134e-03
-9.913638933e-04,-1.269634813e-03
-8.364883834e-04,-1.437715720e-03
-6.780053372e-04,-1.484276145e-03
-3.790007904e-04,-1.602208125e-03
-1.691963553e-04,-1.600195537e-03
-4.990687376e-05,-1.574183581e-03
1.994660997e-04,-1.601054682e-03
3.837237600e-04,-1.582162688e-03
5.521369167e-04,-1.526170643e-03
7.571993629e-04,-1.408561482e-03
8.739398909e-04,-1.394036575e-03
1.085809083e-03,-1.241933089e-03
1.203812310e-03,-1.070225728e-03
1.331370557e-03,-9.038583958e-04
1.467876253e-03,-7.368407678e-04
1.540510450e-03,-5.357750342e-04
1.652134000e-03,-2.712600399e-04
1.568402047e-03,-8.788052219e-05
1.645664219e-03,8.135380631e-05
1.679133158e-03,2.507684985e-04
1.530670444e-03,4.790233797e-04
1.435745857e-03,6.564172800e-04
1.360994647e-03,8.411543677e-04
1.280794386e-03,1.076453365e-03
1.131235156e-03,1.174824079e-03
1.027381863e-03,1.286039478e-03
8.015858475e-04,1.455402002e-03
5.656934809e-04,1.573998365e-03
4.575065686e-04,1.636550529e-03
2.085797751e-04,1.606518053e-03
-6.113757991e-05,1.598059433e-03
-2.127995976e-04,1.598320552e-03
-3.488401999e-04,1.657749293e-03
-5.283558858e-04,1.561856363e-03
-7.510998403e-04,1.396860811e-03
-9.162615170e-04,1.332281856e-03
-1.105313306e-03,1.161770662e-03
-1.250709756e-03,1.052392297e-03
-1.356884022e-03,8.929789183e-04
-1.439633430e-03,7.193064084e-04
-1.479311148e-03,5.248195957e-04
-1.569982735e-03,2.854099730e-04
-1.622993965e-03,1.397762680e-04
-1.639635884e-03,-9.341993427e-05
-1.615427667e-03,-2.603853354e-04
-1.579855802e-03,-4.178430827e-04
-1.487812493e-03,-6.982737686e-04
-1.347419107e-03,-8.456352516e-04
-1.262049656e-03,-9.716935456e-04
-1.125301700e-03,-1.160019194e-03
-9.819179541e-04,-1.256600372e-03
-8.475719369e-04,-1.374902553e-03
-6.077730795e-04,-1.528534456e-03
-3.771780466e-04,-1.581972931e-03
-1.719447027e-04,-1.599526149e-03
-3.413831291e-05,-1.626601443e-03
1.505987602e-04,-1.606446924e-03
3.961980983e-04,-1.593279536e-03
5.762738874e-04,-1.503747189e-03
7.942806697e-04,-1.411257545e-03
9.264526889e-04,-1.337118796e-03
1.081755501e-03,-1.199606690e-03
1.176813035e-03,-1.065578661e-03
1.328432234e-03,-8.775473689e-04
1.504544634e-03,-7.197858649e-04
1.514365547e-03,-5.271265400e-04
1.553430920e-03,-3.076720168e-04
1.637779875e-03,-9.992766718e-05
1.725674723e-03,8.458631055e-05
1.608212711e-03,2.773975430e-04
1.579257776e-03,4.743194149e-04
1.505588880e-03,6.453527603e-04
1.368746045e-03,8.467697189e-04
1.309540356e-03,1.001721248e-03
1.093992498e-03,1.150331111e-03
9.924793849e-04,1.275046030e-03
7.889216067e-04,1.411385718e-03
5.609705113e-04,1.487940666e-03
4.167845764e-04,1.585414284e-03
1.878461626e-04,1.619405462e-03
-2.156903429e-05,1.546904212e-03
-1.686172618e-04,1.614051173e-03
-3.983958159e-04,1.571914647e-03
-6.795100053e-04,1.513952622e-03
-7.632087218e-04,1.457575941e-03
-9.318449302e-04,1.343958778e-03
-1.082590898e-03,1.185660833e-03
-1.239683130e-03,1.051499974e-03
-1.404317911e-03,9.878133424e-04
-1.483179629e-03,7.357252762e-04
-1.561092096e-03,5.227737711e-04
-1.606931095e-03,3.067037032e-04
-1.656538923e-03,6.844750897e-05
-1.617288333e-03,-6.153155846e-05
-1.615389716e-03,-2.625593334e-04
-1.558975084e-03,-4.989358131e-04
-1.456384547e-03,-6.399035337e-04
-1.377247390e-03,-7.741403533e-04
-1.296562958e-03,-1.033742563e-03
-1.180216321e-03,-1.169840107e-03
-1.002205419e-03,-1.283395570e-03
-8.423268446e-04,-1.427173265e-03
-6.231523585e-04,-1.472433098e-03
-4.241846909e-04,-1.602929551e-03
-2.204987541e-04,-1.590882428e-03
-2.709420187e-05,-1.595624373e-03
1.205141307e-04,-1.727739465e-03
3.761385160e-04,-1.574463560e-03
5.791361909e-04,-1.506998669e-03
7.898329641e-04,-1.423656009e-03
9.295000928e-04,-1.298646675e-03
1.020689029e-03,-1.241035876e-03
1.264764694e-03,-1.038204413e-03
1.373416861e-03,-8.927748422e-04
1.407721313e-03,-6.980886683e-04
1.489630435e-03,-5.107456236e-04
1.599284122e-03,-3.455127589e-04
1.638463465e-03,-1.077407433e-04
1.673593768e-03,7.118161011e-05
1.632814878e-03,2.998209675e-04
1.505845226e-03,5.285410443e-04
1.476078643e-03,7.221496780e-04
1.363002579e-03,8.762610378e-04
1.284401864e-03,9.734783089e-04
1.215285040e-03,1.204092288e-03
9.538791492e-04,1.345283119e-03
7.878251490e-04,1.371665276e-03
6.503937184e-04,1.465645386e-03
4.059430794e-04,1.569517539e-03
1.775790442e-04,1.661190647e-03
1.077502361e-06,1.650311169e-03
-1.652328501e-04,1.629482605e-03
-3.669156577e-04,1.655983506e-03
-5.890852772e-04,1.506775501e-03
-7.742352900e-04,1.389555633e-03
-9.029469802e-04,1.314135268e-03
-1.121827168e-03,1.192040392e-03
-1.267645974e-03,1.074687578e-03
-1.334142522e-03,9.148090030e-04
-1.434834441e-03,7.365606725e-04
-1.535004238e-03,5.229636445e-04
-1.641292474e-03,3.713775659e-04
-1.641643699e-03,1.060081995e-04
-1.622234471e-03,-9.085670899e-05
-1.639673836e-03,-2.205557248e-04
-1.527119894e-03,-5.207089707e-04
-1.460642321e-03,-7.122955285e-04
-1.421296853e-03,-8.472349145e-04
-1.256135176e-03,-1.015092712e-03
-1.134472317e-03,-1.138934284e-03
-9.749260498e-04,-1.289514010e-03
-7.931081927e-04,-1.474721008e-03
-5.808117567e-04,-1.516055316e-03
-3.994733270e-04,-1.494785422e-03
-2.075924713e-04,-1.627270714e-03
1.493313903e-05,-1.672791666e-03
2.084658627e-04,-1.584725920e-03
4.271418729e-04,-1.565406914e-03
5.826487322e-04,-1.499133301e-03
8.013817132e-04,-1.428829855e-03
1.017565723e-03,-1.297996379e-03
1.150706084e-03,-1.173276687e-03
1.257682685e-03,-1.104216906e-03
1.370810904e-03,-8.793891175e-04
1.456365571e-03,-7.102876552e-04
1.529535977e-03,-5.246724468e-04
1.613472006e-03,-2.807439596e-04
1.602260279e-03,-1.025668389e-04
1.639080467e-03,9.814290388e-05
1.640305156e-03,2.937261888e-04
1.582086785e-03,5.031936453e-04
1.480094274e-03,6.688916474e-04
1.328584156e-03,8.624860784e-04
1.294702175e-03,1.067453646e-03
1.159686828e-03,1.192970783e-03
9.708344005e-04,1.311624190e-03
7.830451941e-04,1.425981871e-03
6.450014771e-04,1.541416976e-03
4.616741790e-04,1.615688787e-03
1.927352714e-04,1.621285104e-03
5.965186210e-05,1.616429188e-03
-1.473092852e-04,1.645123004e-03
-3.767508606e-04,1.587422099e-03
-6.077160942e-04,1.458430314e-03
-7.886462845e-04,1.416217885e-03
-9.605530649e-04,1.324416604e-03
-1.156748622e-03,1.195590943e-03
-1.212531934e-03,1.047560130e-03
-1.347789308e-03,9.081731550e-04
-1.468730741e-03,7.246796740e-04
-1.532308059e-03,4.829061800e-04
-1.626340323e-03,3.549587273e-04
-1.670892932e-03,1.492222218e-04
-1.635620138e-03,-1.222039573e-04
-1.587460050e-03,-3.473497345e-04
-1.591418870e-03,-4.946590634e-04
-1.529407804e-03,-6.867439952e-04
-1.390595105e-03,-8.726392989e-04
-1.261456287e-03,-1.029261621e-03
-1.121955342e-03,-1.200983184e-03
-9.645877290e-04,-1.260877121e-03
-7.931984146e-04,-1.462075859e-03
-5.686316872e-04,-1.528235385e-03
-4.331464588e-04,-1.510625123e-03
-2.846505085e-04,-1.620169613e-03
2.813373067e-05,-1.637366950e-03
2.364524407e-04,-1.653785817e-03
4.166896397e-04,-1.597019960e-03
5.975438980e-04,-1.505194930e-03
7.248458569e-04,-1.405063085e-03
9.535421268e-04,-1.334289671e-03
1.110890764e-03,-1.205654000e-03
1.232411130e-03,-1.027011662e-03
1.368636847e-03,-8.982809959e-04
1.467283000e-03,-7.197668310e-04
1.537828473e-03,-5.077504320e-04
1.555998926e-03,-3.279024968e-04
1.631400315e-03,-1.132231919e-04
1.612342312e-03,8.886309661e-05
1.583126374e-03,2.977229306e-04
1.613044762e-03,5.316833267e-04
1.524347812e-03,6.454096874e-04
1.383028924e-03,8.531113272e-04
1.219803933e-03,1.000961754e-03
1.105669304e-03,1.143396134e-03
9.431468789e-04,1.385986106e-03
7.704569143e-04,1.419825363e-03
5.886580911e-04,1.524552004e-03
3.927425132e-04,1.610405627e-03
1.636142260e-04,1.604287187e-03
-1.690302270e-05,1.619367395e-03
-1.541160746e-04,1.636830508e-03
-4.076756304e-04,1.641216571e-03
-5.220143357e-04,1.500044717e-03
-7.031438872e-04,1.391449594e-03
-9.770098841e-04,1.356475870e-03
-1.158438507e-03,1.235368312e-03
-1.255076728e-03,9.908275679e-04
-1.356067602e-03,8.366734837e-04
-1.472024946e-03,7.328203064e-04
-1.550995861e-03,5.457051448e-04
-1.609641477e-03,3.283296828e-04
-1.623796066e-03,9.113201668e-05
-1.629501698e-03,-1.057139016e-04
-1.559402328e-03,-3.375715460e-04
-1.535578514e-03,-5.443475675e-04
-1.484499313e-03,-7.171656471e-04
-1.357738511e-03,-8.839601651e-04
-1.334607718e-03,-1.045438345e-03
-1.151541481e-03,-1.197859878e-03
-9.022966842e-04,-1.317889895e-03
-7.657149690e-04,-1.467449125e-03
-5.722581991e-04,-1.506348373e-03
-3.946554207e-04,-1.611279091e-03
-1.590811298e-04,-1.654886990e-03
2.595973820e-05,-1.643874682e-03
1.752768876e-04,-1.648099278e-03
4.056108301e-04,-1.533461502e-03
5.936943344e-04,-1.537031028e-03
8.396686753e-04,-1.429143129e-03
9.602397331e-04,-1.323172939e-03
1.057300367e-03,-1.220155158e-03
1.253961236e-03,-9.893181268e-04
1.337284921e-03,-8.798542549e-04
1.424420159e-03,-7.391428808e-04
1.511351322e-03,-5.245775101e-04
1.617302652e-03,-3.042876197e-04
1.637499896e-03,-1.432176359e-04
1.619201270e-03,3.806384120e-05
1.624109340e-03,3.074821725e-04
1.569479587e-03,4.877051106e-04
1.503186999e-03,6.942390464e-04
1.395745319e-03,9.460850852e-04
1.298048650e-03,1.036215574e-03
1.116230735e-03,1.182499574e-03
9.805983864e-04,1.381448237e-03
8.306309464e-04,1.410455327e-03
5.976388347e-04,1.478048507e-03
4.509798600e-04,1.564476523e-03
3.070359817e-04,1.637518872e-03
5.946673991e-05,1.637480920e-03
-1.973110921e-04,1.560517820e-03
-3.753553028e-04,1.583221252e-03
-6.222410011e-04,1.550848712e-03
-7.988517173e-04,1.465664362e-03
-9.263387765e-04,1.322873868e-03
-1.110539422e-03,1.200779108e-03
-1.259557554e-03,1.058363705e-03
-1.389664831e-03,8.557884721e-04
-1.467506052e-03,6.918942090e-04
-1.553392969e-03,4.509228747e-04
-1.608563936e-03,2.723565267e-04
-1.624963828e-03,1.077549896e-04
-1.635639113e-03,-9.396105452e-05
-1.587830367e-03,-3.126370721e-04
-1.579466625e-03,-5.605955375e-04
-1.495658769e-03,-6.891980884e-04
-1.352664200e-03,-8.653293480e-04
-1.311605214e-03,-1.080155838e-03
-1.130641787e-03,-1.149680815e-03
-9.403985459e-04,-1.284235739e-03
-8.042060072e-04,-1.430647913e-03
-6.097999285e-04,-1.508541289e-03
-4.273080267e-04,-1.559435506e-03
-2.049912728e-04,-1.587180072e-03
1.266421350e-05,-1.620558905e-03
1.969930745e-04,-1.578142284e-03
3.991932899e-04,-1.556502073e-03
5.884539569e-04,-1.535692485e-03
7.892776048e-04,-1.400639187e-03
9.916439885e-04,-1.272966969e-03
1.138170017e-03,-1.182613429e-03
1.247173408e-03,-1.053972985e-03
1.344333752e-03,-8.398537757e-04
1.474588178e-03,-6.545186043e-04
1.502071507e-03,-4.997902433e-04
1.540543628e-03,-3.186606627e-04
1.637964975e-03,-8.445815183e-05
1.607002225e-03,1.203100255e-04
1.563361031e-03,3.038746654e-04
1.506348373e-03,5.576573312e-04
1.504919608e-03,6.796809030e-04
1.434146194e-03,9.089136147e-04
1.239849254e-03,1.105242176e-03
1.185940928e-03,1.169113792e-03
9.829052724e-04,1.377337612e-03
7.392568514e-04,1.440876978e-03
5.845854175e-04,1.437881845e-03
3.735135833e-04,1.600940712e-03
2.036337100e-04,1.627512742e-03
7.718144843e-06,1.610220526e-03
-2.017730003e-04,1.679209177e-03
-4.305262992e-04,1.594285830e-03
-6.230194704e-04,1.494505326e-03
-7.517169579e-04,1.420755754e-03
-9.480929584e-04,1.308481907e-03
-1.127053285e-03,1.255356707e-03
-1.272145892e-03,1.046928810e-03
-1.394629828e-03,8.185458137e-04
-1.451158430e-03,7.508055423e-04
-1.572564943e-03,4.793746339e-04
-1.609774306e-03,2.468856983e-04
-1.623402117e-03,1.126488423e-04
-1.666378812e-03,-4.537376662e-05
-1.596777816e-03,-2.614628465e-04
-1.537439297e-03,-5.339712370e-04
-1.467971248e-03,-6.693378673e-04
-1.406382653e-03,-8.724494255e-04
-1.282004756e-03,-1.073144958e-03
-1.106765820e-03,-1.193545177e-03
-9.765826399e-04,-1.269525615e-03
-7.878441247e-04,-1.377674635e-03
-5.984362797e-04,-1.521300524e-03
-3.953247215e-04,-1.579632750e-03
-1.689922501e-04,-1.614421373e-03
1.228922338e-05,-1.631215215e-03
2.699214674e-04,-1.644097734e-03
4.284804454e-04,-1.562691759e-03
5.640938762e-04,-1.534819137e-03
7.430114783e-04,-1.503001899e-03
8.809697465e-04,-1.281036413e-03
1.159164705e-03,-1.096835709e-03
1.277761185e-03,-1.021045027e-03
1.411385718e-03,-9.289447335e-04
1.534966286e-03,-7.295878022e-04
1.529668923e-03,-5.194463301e-04
1.600475516e-03,-3.013304377e-04
1.556070056e-03,-5.478173989e-05
1.588893589e-03,1.034971938e-04
1.576993614e-03,3.307837469e-04
1.522786217e-03,5.354949390e-04
1.466186484e-03,6.895160768e-04
1.373896259e-03,9.119088063e-04
1.253776136e-03,1.044750097e-03
1.040027128e-03,1.163498498e-03
9.650149150e-04,1.333326101e-03
8.298714529e-04,1.460865373e-03
5.937512615e-04,1.523232437e-03
4.343189066e-04,1.613177708e-03
2.218373265e-04,1.613865956e-03
2.828087781e-05,1.613680855e-03
-1.777309371e-04,1.638112124e-03
-3.951206163e-04,1.620857860e-03
-6.224973476e-04,1.551722060e-03
-8.359330241e-04,1.394354505e-03
-9.067966021e-04,1.307793660e-03
-1.068103942e-03,1.183823915e-03
-1.239683130e-03,1.067140372e-03
-1.369790290e-03,8.873256156e-04
-1.488125767e-03,6.420442951e-04
-1.562672784e-03,4.781832104e-04
-1.666188939e-03,3.243662068e-04
-1.683410024e-03,1.042044532e-04
-1.688227872e-03,-1.363206684e-04
-1.588295447e-03,-2.689388930e-04
-1.490560826e-03,-4.922809312e-04
-1.555087510e-03,-7.438326720e-04
-1.386247226e-03,-8.626332274e-04
-1.201804378e-03,-1.049753162e-03
-1.152993995e-03,-1.199981663e-03
-9.788895259e-04,-1.274025533e-03
-7.734331302e-04,-1.466964954e-03
-5.894175265e-04,-1.571041183e-03
-4.415718722e-04,-1.574705704e-03
-2.150875225e-04,-1.610794920e-03
1.381766288e-05,-1.623796066e-03
2.238451852e-04,-1.620354713e-03
4.364406923e-04,-1.582884230e-03
5.734448787e-04,-1.491044997e-03
7.872128044e-04,-1.400729408e-03
9.073899128e-04,-1.363111776e-03
1.077497611e-03,-1.199682592e-03
1.333193271e-03,-1.005290775e-03
1.402685069e-03,-8.840361261e-04
1.420162385e-03,-6.667176494e-04
1.499432372e-03,-5.071760970e-04
1.558452961e-03,-3.051230451e-04
1.591959968e-03,-3.722841939e-05
1.647035941e-03,9.380916163e-05
1.591347624e-03,3.420334251e-04
1.510943170e-03,5.164321628e-04
1.464064699e-03,6.886236952e-04
1.404692885e-03,8.953238139e-04
1.223468338e-03,9.895222029e-04
1.069964608e-03,1.223838655e-03
9.387988830e-04,1.370606828e-03
7.134110201e-04,1.398702501e-03
5.713800783e-04,1.514365547e-03
4.075047618e-04,1.593540655e-03
2.135970426e-04,1.591328648e-03
-5.388935824e-05,1.640661154e-03
-2.667221997e-04,1.580245094e-03
-4.199268878e-04,1.567656756e-03
-6.087223883e-04,1.539337914e-03
-8.191391826e-04,1.417817548e-03
-9.901392041e-04,1.332395826e-03
-1.083355048e-03,1.193526201e-03
-1.253329916e-03,1.075636945e-03
-1.384087373e-03,8.718940662e-04
-1.459992025e-03,6.515424466e-04
-1.531733782e-03,4.522994277e-04
-1.593858586e-03,2.988953784e-04
-1.604771358e-03,1.098767607e-04
-1.548912027e-03,-1.086331249e-04
-1.571373432e-03,-2.434253547e-04
-1.585452235e-03,-4.249109188e-04
-1.480170293e-03,-6.547606899e-04
-1.351600979e-03,-8.521620184e-04
-1.224878128e-03,-1.034188666e-03
-1.116938074e-03,-1.174135832e-03
-9.438541019e-04,-1.315416768e-03
-8.096172824e-04,-1.472784439e-03
-6.299543893e-04,-1.519273617e-03
-4.130679008e-04,-1.509917900e-03
-2.059026447e-04,-1.607505372e-03
9.133612912e-05,-1.706635579e-03
2.194022672e-04,-1.652319101e-03
4.211183114e-04,-1.607543440e-03
6.669407594e-04,-1.511313370e-03
7.461538189e-04,-1.402927097e-03
9.234955069e-04,-1.322707743e-03
1.093114261e-03,-1.205597073e-03
1.260972116e-03,-1.076382119e-03
1.415847684e-03,-8.557552355e-04
1.467767172e-03,-6.955016870e-04
1.548171625e-03,-4.856782616e-04
1.584578771e-03,-2.643820771e-04
1.598377479e-03,-9.243261593e-05
1.600385294e-03,1.076837871e-04
1.586643630e-03,3.413641534e-04
1.601182856e-03,5.924127181e-04
1.518120174e-03,7.303140592e-04
1.381709357e-03,8.565147291e-04
1.212679083e-03,1.006686245e-03
1.123293885e-03,1.207509893e-03
9.883735329e-04,1.347495010e-03
7.711641956e-04,1.425478724e-03
6.250842707e-04,1.526336768e-03
3.685675329e-04,1.573941438e-03
1.877702161e-04,1.628742204e-03
-1.483820506e-05,1.633555279e-03
-1.876230672e-04,1.642778167e-03
-3.703332914e-04,1.580002951e-03
-6.314448547e-04,1.459303778e-03
-7.419719477e-04,1.438403968e-03
-9.992291452e-04,1.348648570e-03
-1.132312580e-03,1.190848998e-03
-1.230754540e-03,1.011855435e-03
-1.376298023e-03,8.498408715e-04
-1.435356564e-03,7.013970753e-04
-1.563698053e-03,4.377792648e-04
-1.642726013e-03,2.320807253e-04
-1.665709540e-03,1.507648994e-04
-1.651535858e-03,-1.105840201e-04
-1.567490632e-03,-3.583431244e-04
-1.527381013e-03,-5.161188892e-04
-1.505864202e-03,-7.354642148e-04
-1.341172494e-03,-8.681393811e-04
-1.202416723e-03,-1.047707279e-03
-1.103044371e-03,-1.208962407e-03
-9.278814541e-04,-1.327468664e-03
-7.369689411e-04,-1.490987954e-03
-5.506511661e-04,-1.516202465e-03
-4.100727383e-04,-1.550326589e-03
-1.692153455e-04,-1.547739608e-03
-2.279843102e-05,-1.590621425e-03
1.282322773e-04,-1.648284378e-03
4.613941128e-04,-1.543372637e-03
6.200622884e-04,-1.457537990e-03
8.130206261e-04,-1.410289202e-03
9.551797411e-04,-1.272406895e-03
1.070951927e-03,-1.142337685e-03
1.289794105e-03,-1.019649557e-03
1.390111051e-03,-8.206296479e-04
1.463229302e-03,-6.574568106e-04
1.513805473e-03,-4.952903255e-04
1.550511690e-03,-2.729166299e-04
1.608492690e-03,-6.188281259e-05
1.623145770e-03,1.174430145e-04
1.639839960e-03,3.100881004e-04
1.561856363e-03,5.407732679e-04
1.454898738e-03,7.102307281e-04
1.393704209e-03,8.414913900e-04
1.244700397e-03,1.064240118e-03
1.093024155e-03,1.196336234e-03
9.417370893e-04,1.296002767e-03
7.644903380e-04,1.438869163e-03
5.862942198e-04,1.557650743e-03
3.644948592e-04,1.621133182e-03
1.550416782e-04,1.626767567e-03
-1.720206456e-05,1.631419291e-03
-1.913017622e-04,1.596535789e-03
-4.032849392e-04,1.572507899e-03
-6.504459307e-04,1.531007467e-03
-8.534483495e-04,1.408912707e-03
-9.722678806e-04,1.307646511e-03
-1.114593120e-03,1.211340539e-03
-1.320362906e-03,9.948242223e-04
-1.404075767e-03,8.438884979e-04
-1.458411338e-03,6.620896165e-04
-1.586083556e-03,4.296149127e-04
-1.613490982e-03,2.733628207e-04
-1.648564474e-03,4.529782018e-05
-1.597333234e-03,-1.083151001e-04
-1.547350432e-03,-2.985393512e-04
-1.579129603e-03,-5.025813007e-04
-1.445452799e-03,-6.820590352e-04
-1.305097481e-03,-9.115195717e-04
-1.229995047e-03,-1.049212064e-03
-1.119909459e-03,-1.167884446e-03
-9.476657142e-04,-1.299425145e-03
-7.572563482e-04,-1.466276706e-03
-6.055420963e-04,-1.573419315e-03
-3.906017519e-04,-1.588186366e-03
-1.791074756e-04,-1.598339528e-03
-3.010361252e-05,-1.673218794e-03
2.263372153e-04,-1.707528019e-03
4.439499753e-04,-1.570670982e-03
6.016355474e-04,-1.511536539e-03
7.832350675e-04,-1.503168023e-03
9.722489049e-04,-1.273522386e-03
1.135678031e-03,-1.105185132e-03
1.231870032e-03,-1.025544945e-03
1.409710152e-03,-8.054733626e-04
1.476970967e-03,-6.582400529e-04
1.532308059e-03,-4.687372711e-04
1.629653503e-03,-2.473841014e-04
1.598671777e-03,-6.506310456e-05
1.631509513e-03,1.797957520e-04
1.611986314e-03,3.521866456e-04
1.512077637e-03,5.335583119e-04
1.478437684e-03,7.086120895e-04
1.359898248e-03,8.930168697e-04
1.196298166e-03,1.025283826e-03
1.074260450e-03,1.150725060e-03
9.333686321e-04,1.363595948e-03
7.683019503e-04,1.443183981e-03
5.859809462e-04,1.558248885e-03
3.814928059e-04,1.662358409e-03
9.366201266e-05,1.603527693e-03
-6.521025352e-05,1.651108614e-03
-2.075734810e-04,1.643580385e-03
-4.544781696e-04,1.581251388e-03
-6.051149103e-04,1.553487848e-03
-8.203495527e-04,1.422578469e-03
-1.005703700e-03,1.326315221e-03
-1.138207968e-03,1.186814276e-03
-1.295670518e-03,1.025877194e-03
-1.370274462e-03,8.780837525e-04
-1.487105154e-03,6.812568172e-04
-1.546272892e-03,4.883554066e-04
-1.580971293e-03,2.461404656e-04
-1.647092984e-03,8.672707918e-05
-1.612190390e-03,-9.422212315e-05
-1.620558905e-03,-3.925906203e-04
-1.579760923e-03,-5.374458269e-04
