I , Q   (centre=5000.000 MHz ; BW=5.000 MHz ; fs=10.000 MSa/s)
-4.403994244e-04,-2.832535421e-03
-9.059564036e-05,-2.877719235e-03
2.588379139e-04,-2.914482495e-03
6.047209026e-04,-2.787104808e-03
9.518523002e-04,-2.698540688e-03
1.327596838e-03,-2.604095498e-03
1.707841293e-03,-2.367680892e-03
1.938863541e-03,-2.151197987e-03
2.150751650e-03,-1.938678441e-03
2.343301894e-03,-1.646831864e-03
2.540295012e-03,-1.285332139e-03
2.770168474e-03,-9.493223042e-04
2.817564411e-03,-6.467672647e-04
2.888930961e-03,-2.490786719e-04
2.915726276e-03,1.020304553e-04
2.855756320e-03,4.560920352e-04
2.764776116e-03,7.905781968e-04
2.598257037e-03,1.085215830e-03
2.516941167e-03,1.457519014e-03
2.314427635e-03,1.765950467e-03
2.043965040e-03,2.045972971e-03
1.783095533e-03,2.290176693e-03
1.451196382e-03,2.480215859e-03
1.199127291e-03,2.622465137e-03
8.556413231e-04,2.763247816e-03
4.350641393e-04,2.870542230e-03
1.140253880e-04,2.868439537e-03
-2.434253547e-04,2.862026682e-03
-5.848275032e-04,2.840400673e-03
-9.674499743e-04,2.724106424e-03
-1.336895628e-03,2.589499345e-03
-1.608639839e-03,2.403589897e-03
-1.918243826e-03,2.134593902e-03
-2.185507212e-03,1.866400242e-03
-2.387408400e-03,1.651075436e-03
-2.571722958e-03,1.353556640e-03
-2.772845561e-03,9.797250386e-04
-2.841554116e-03,6.590185221e-04
-2.878872911e-03,2.349477290e-04
-2.930749441e-03,-9.609707195e-05
-2.855310217e-03,-4.080838698e-04
-2.803210402e-03,-8.301657508e-04
-2.635727404e-03,-1.165914582e-03
-2.457327209e-03,-1.461145468e-03
-2.273534890e-03,-1.715521445e-03
-2.032511169e-03,-2.051047282e-03
-1.798156882e-03,-2.277702326e-03
-1.484015142e-03,-2.489438746e-03
-1.153976540e-03,-2.681077458e-03
-8.009165758e-04,-2.710013418e-03
-4.672705545e-04,-2.832312370e-03
-5.680858521e-05,-2.938187681e-03
3.159645130e-04,-2.910371870e-03
6.473605754e-04,-2.829113044e-03
9.859004058e-04,-2.768269740e-03
1.338827540e-03,-2.601010026e-03
1.626231126e-03,-2.416434465e-03
1.922463649e-03,-2.163064666e-03
2.232461469e-03,-1.850802568e-03
2.371791517e-03,-1.568435226e-03
2.545373980e-03,-1.336672576e-03
2.677636221e-03,-1.021600445e-03
2.823459683e-03,-5.666571087e-04
2.886420116e-03,-2.769323473e-04
2.853416139e-03,9.425535245e-05
2.854493679e-03,4.861624329e-04
2.795103006e-03,8.228035877e-04
2.665161854e-03,1.146296388e-03
2.507457277e-03,1.426950213e-03
2.286346164e-03,1.784790191e-03
2.046884270e-03,2.090487629e-03
1.754795667e-03,2.314835787e-03
1.419716165e-03,2.492733067e-03
1.167495153e-03,2.643663902e-03
8.479991229e-04,2.767842496e-03
5.302118952e-04,2.820445690e-03
1.192467607e-04,2.919480903e-03
-2.851726313e-04,2.920449246e-03
-6.002020673e-04,2.851631492e-03
-9.431848302e-04,2.749990206e-03
-1.309488202e-03,2.528546844e-03
-1.664888347e-03,2.415935975e-03
-1.928729238e-03,2.151368884e-03
-2.164716600e-03,1.843587612e-03
-2.406803425e-03,1.607040176e-03
-2.598888241e-03,1.291298773e-03
-2.744802041e-03,1.004104037e-03
-2.819258953e-03,6.521595060e-04
-2.842945047e-03,2.248847159e-04
-2.862473018e-03,-6.461691373e-05
-2.822045237e-03,-4.239426053e-04
-2.780506853e-03,-8.252006955e-04
-2.679814817e-03,-1.119463239e-03
-2.491987776e-03,-1.510311849e-03
-2.254922874e-03,-1.786722103e-03
-2.018114552e-03,-2.012650948e-03
-1.803216874e-03,-2.299290383e-03
-1.493817079e-03,-2.507310128e-03
-1.155633130e-03,-2.664843807e-03
-8.272085688e-04,-2.824185882e-03
-4.016663006e-04,-2.900365973e-03
-6.522924377e-05,-2.853060141e-03
2.621700987e-04,-2.856259467e-03
6.412800867e-04,-2.846125280e-03
9.210604476e-04,-2.755643567e-03
1.275606221e-03,-2.569772070e-03
1.611036947e-03,-2.373481402e-03
1.918951049e-03,-2.203060547e-03
2.195233013e-03,-1.923113945e-03
2.373239258e-03,-1.607320271e-03
2.543959534e-03,-1.306156046e-03
2.663244260e-03,-9.619485936e-04
2.818883862e-03,-6.568634999e-04
2.885266673e-03,-2.943195286e-04
2.884170040e-03,1.108261058e-04
2.845550887e-03,4.802670155e-04
2.768810838e-03,8.959551342e-04
2.662204672e-03,1.150407013e-03
2.460355638e-03,1.445899019e-03
2.266766038e-03,1.759817707e-03
2.082195133e-03,2.024940215e-03
1.796761295e-03,2.282126341e-03
1.435076585e-03,2.497883048e-03
1.132464502e-03,2.706795232e-03
7.981634699e-04,2.791253384e-03
4.422601487e-04,2.869070740e-03
7.428595563e-05,2.881288761e-03
-2.977039549e-04,2.879988169e-03
-6.560281035e-04,2.844174393e-03
-9.744087001e-04,2.728198189e-03
-1.333008171e-03,2.553296275e-03
-1.634262619e-03,2.306301380e-03
-1.952847349e-03,2.197649097e-03
-2.249492798e-03,1.958149485e-03
-2.378783422e-03,1.596963033e-03
-2.561678877e-03,1.328361104e-03
-2.749301959e-03,9.876472177e-04
-2.840006724e-03,6.918942090e-04
-2.863626461e-03,2.980172285e-04
-2.900792984e-03,-1.538170327e-04
-2.839190420e-03,-4.584938870e-04
-2.773999004e-03,-7.850577822e-04
-2.649597358e-03,-1.104126684e-03
-2.495020861e-03,-1.450750162e-03
-2.323778579e-03,-1.796391094e-03
-1.992472913e-03,-2.020364394e-03
-1.738096820e-03,-2.269704128e-03
-1.450099866e-03,-2.522670431e-03
-1.128966222e-03,-2.644409193e-03
-7.721894654e-04,-2.747797174e-03
-4.222147982e-04,-2.850292949e-03
-8.263541531e-05,-2.894062316e-03
2.990615030e-04,-2.858898602e-03
5.941974814e-04,-2.820317401e-03
1.005143626e-03,-2.723138081e-03
1.343925484e-03,-2.508705715e-03
1.614459325e-03,-2.367718844e-03
1.945281052e-03,-2.155493712e-03
2.205552533e-03,-1.898440532e-03
2.396968193e-03,-1.677253516e-03
2.557554049e-03,-1.310674823e-03
2.725948114e-03,-9.592144634e-04
2.768530743e-03,-6.596688181e-04
2.846775576e-03,-2.467907616e-04
2.917677164e-03,1.101188464e-04
2.837348497e-03,4.761753662e-04
2.798430389e-03,8.298714529e-04
2.666296205e-03,1.097875298e-03
2.489998937e-03,1.492364565e-03
2.270876663e-03,1.760895248e-03
2.041097963e-03,2.042213455e-03
1.756561454e-03,2.338094870e-03
1.370886806e-03,2.526330063e-03
1.182186301e-03,2.681153594e-03
8.104574517e-04,2.760513686e-03
3.791669151e-04,2.898694947e-03
6.682888488e-05,2.910015872e-03
-2.872896730e-04,2.864295617e-03
-6.045547780e-04,2.784000477e-03
-9.637902840e-04,2.723138081e-03
-1.326742466e-03,2.581914188e-03
-1.665149466e-03,2.371046459e-03
-1.882819110e-03,2.131584566e-03
-2.180209849e-03,1.853774069e-03
-2.397523494e-03,1.647857134e-03
-2.545207739e-03,1.293273410e-03
-2.753393492e-03,9.964618366e-04
-2.828571945e-03,6.097429432e-04
-2.908677328e-03,2.645861823e-04
-2.875412349e-03,-5.861233149e-05
-2.862881171e-03,-5.005924031e-04
-2.784114331e-03,-8.323967340e-04
-2.665645909e-03,-1.157047693e-03
-2.535833046e-03,-1.463879598e-03
-2.279022010e-03,-1.816996606e-03
-2.015698468e-03,-2.029478084e-03
-1.739046187e-03,-2.258231398e-03
-1.475053257e-03,-2.490649233e-03
-1.156136394e-03,-2.620590152e-03
-8.602361195e-04,-2.815295476e-03
-4.035650054e-04,-2.864499809e-03
-4.832621926e-05,-2.889230149e-03
2.396896889e-04,-2.874614904e-03
6.692286697e-04,-2.771616215e-03
9.705401026e-04,-2.746719634e-03
1.344870194e-03,-2.556253457e-03
1.658955007e-03,-2.289450495e-03
1.941322349e-03,-2.124663908e-03
2.158137504e-03,-1.926427125e-03
2.351950388e-03,-1.625224832e-03
2.659285441e-03,-1.297104056e-03
2.760067582e-03,-9.523554472e-04
2.817507368e-03,-6.303104456e-04
2.887943760e-03,-3.093238920e-04
2.931793919e-03,7.921303768e-05
2.903935499e-03,4.699666752e-04
2.753246576e-03,8.181708399e-04
2.614324680e-03,1.157584134e-03
2.496525645e-03,1.518751495e-03
2.256873762e-03,1.808181871e-03
1.992937876e-03,2.084777225e-03
1.795014599e-03,2.292407677e-03
1.481917105e-03,2.466122853e-03
1.147990930e-03,2.649450209e-03
7.958945353e-04,2.759455238e-03
4.178430827e-04,2.858917695e-03
5.946673991e-05,2.926695859e-03
-2.516086679e-04,2.908435185e-03
-5.982891307e-04,2.819387009e-03
-1.073553110e-03,2.718676114e-03
-1.368375844e-03,2.519879490e-03
-1.654569060e-03,2.309049712e-03
-1.931558363e-03,2.166876337e-03
-2.116983756e-03,1.897510141e-03
-2.464447403e-03,1.602654229e-03
-2.617690014e-03,1.327131642e-03
-2.744559897e-03,9.362309356e-04
-2.900328021e-03,5.976388347e-04
-2.909830771e-03,2.850966994e-04
-2.924037632e-03,-1.071616498e-04
-2.791941632e-03,-5.260300240e-04
-2.723195124e-03,-8.595668478e-04
-2.678101417e-03,-1.130195567e-03
-2.482783981e-03,-1.504060463e-03
-2.287314506e-03,-1.769857015e-03
-2.039982704e-03,-2.002236899e-03
-1.779117854e-03,-2.324576024e-03
-1.503932290e-03,-2.494588960e-03
-1.152229845e-03,-2.651011804e-03
-8.021079702e-04,-2.776695183e-03
-4.365308851e-04,-2.863009227e-03
-5.730698831e-05,-2.913642442e-03
3.151813289e-04,-2.865577349e-03
6.394193624e-04,-2.808137331e-03
9.592334391e-04,-2.697183052e-03
1.321815420e-03,-2.605286893e-03
1.653956715e-03,-2.412086353e-03
1.977838809e-03,-2.120685996e-03
2.213270636e-03,-1.872461871e-03
2.391666174e-03,-1.595102251e-03
2.603744157e-03,-1.252494520e-03
2.684817882e-03,-9.478366119e-04
2.782827942e-03,-6.087746006e-04
2.919723047e-03,-2.278039465e-04
2.889733296e-03,8.285851072e-05
2.833612962e-03,4.700046557e-04
2.753507579e-03,8.479991229e-04
2.624701010e-03,1.159648877e-03
2.500114031e-03,1.505493885e-03
2.283113543e-03,1.848903950e-03
1.974715386e-03,2.032971708e-03
1.750333817e-03,2.259327797e-03
1.456161379e-03,2.493549371e-03
1.063475851e-03,2.629514085e-03
7.871748530e-04,2.779277507e-03
4.021694476e-04,2.867419040e-03
4.466650716e-05,2.897375496e-03
-2.662949846e-04,2.861096291e-03
-7.068652776e-04,2.831344027e-03
-1.031625434e-03,2.728440100e-03
-1.313109882e-03,2.583736787e-03
-1.644415781e-03,2.355595818e-03
-1.915324596e-03,2.099990379e-03
-2.182141645e-03,1.883118181e-03
-2.446613973e-03,1.652689301e-03
-2.599984873e-03,1.328380080e-03
-2.751831897e-03,8.784777601e-04
-2.882124390e-03,5.829667789e-04
-2.876456827e-03,2.619992301e-04
-2.901965519e-03,-1.433457946e-04
-2.927925205e-03,-4.892477882e-04
-2.731525572e-03,-8.484073333e-04
-2.542734845e-03,-1.175602549e-03
-2.490706043e-03,-1.480113249e-03
-2.274370287e-03,-1.831853762e-03
-2.054583514e-03,-2.107798820e-03
-1.814893796e-03,-2.268531825e-03
-1.475945697e-03,-2.510561608e-03
-1.173912780e-03,-2.700790530e-03
-8.272465202e-04,-2.805740340e-03
-4.731279914e-04,-2.858101157e-03
-5.671364852e-05,-2.872474259e-03
2.882769913e-04,-2.883372596e-03
6.330445176e-04,-2.821988193e-03
1.022492768e-03,-2.706458094e-03
1.332243904e-03,-2.542734845e-03
1.633740496e-03,-2.380900551e-03
1.866011065e-03,-2.150139306e-03
2.138647716e-03,-1.917275484e-03
2.405426698e-03,-1.598154427e-03
2.597459592e-03,-1.238510711e-03
2.757855458e-03,-9.173010476e-04
2.850606106e-03,-5.061698030e-04
2.871396719e-03,-2.058456739e-04
2.848042874e-03,1.364868076e-04
2.826360054e-03,4.850659461e-04
2.772024367e-03,7.846116205e-04
2.629271941e-03,1.131439232e-03
2.428372391e-03,1.502816798e-03
2.260035137e-03,1.802286482e-03
1.995914150e-03,2.054061275e-03
1.750575844e-03,2.328648698e-03
1.494002179e-03,2.493008273e-03
1.107283286e-03,2.672452712e-03
7.702907897e-04,2.788984450e-03
4.222527787e-04,2.849362558e-03
2.430313725e-05,2.852709033e-03
-3.252965398e-04,2.831642982e-03
-6.487181527e-04,2.861319575e-03
-1.041014446e-03,2.764776116e-03
-1.380408765e-03,2.581781242e-03
-1.638928661e-03,2.360803075e-03
-1.961719012e-03,2.113247989e-03
-2.204845194e-03,1.886687707e-03
-2.408255823e-03,1.566726482e-03
-2.579198917e-03,1.281629782e-03
-2.737401985e-03,9.649247513e-04
-2.883837791e-03,5.556494580e-04
-2.866578754e-03,2.306329843e-04
-2.873162506e-03,-9.661920922e-05
-2.815722721e-03,-4.584938870e-04
-2.727414947e-03,-8.991163922e-04
-2.634517150e-03,-1.210581046e-03
-2.439436968e-03,-1.512988936e-03
-2.232736908e-03,-1.867164508e-03
-1.988291042e-03,-2.056700410e-03
-1.737669576e-03,-2.333243610e-03
-1.490655704e-03,-2.537579741e-03
-1.160484273e-03,-2.670478076e-03
-7.630948094e-04,-2.811165759e-03
-4.087721172e-04,-2.819871297e-03
-6.798233517e-05,-2.818252658e-03
2.943005529e-04,-2.861855784e-03
6.464871694e-04,-2.816391876e-03
1.067567500e-03,-2.645358676e-03
1.378082787e-03,-2.558446256e-03
1.637276728e-03,-2.350668889e-03
1.951195416e-03,-2.123586368e-03
2.154136077e-03,-1.932749758e-03
2.400015481e-03,-1.605160534e-03
2.664995613e-03,-1.275326125e-03
2.797314897e-03,-9.947672952e-04
2.795193112e-03,-6.182205398e-04
2.903009765e-03,-2.076304372e-04
2.941648010e-03,1.186344380e-04
2.852186793e-03,5.206947098e-04
2.805830445e-03,8.828067221e-04
2.598983236e-03,1.219338737e-03
2.413277747e-03,1.495416625e-03
2.247147961e-03,1.795370597e-03
1.994428458e-03,2.127117943e-03
1.694882754e-03,2.357024699e-03
1.386693330e-03,2.524175216e-03
1.108161407e-03,2.654581331e-03
7.616802468e-04,2.745917533e-03
4.351733078e-04,2.838131739e-03
1.118846194e-04,2.917886013e-03
-3.452327219e-04,2.844283590e-03
-6.911157398e-04,2.760736737e-03
-9.966850048e-04,2.675053896e-03
-1.384424395e-03,2.560767578e-03
-1.667010132e-03,2.406732179e-03
-1.933177002e-03,2.150457352e-03
-2.212340245e-03,1.831663889e-03
-2.456249669e-03,1.564865699e-03
-2.624345012e-03,1.271998743e-03
-2.741085365e-03,9.176380700e-04
-2.845142735e-03,5.958730471e-04
-2.897617640e-03,2.222455514e-04
-2.900365973e-03,-1.316688868e-04
-2.882200293e-03,-4.557597858e-04
-2.764140256e-03,-7.820246392e-04
-2.602590714e-03,-1.148527372e-03
-2.477519680e-03,-1.487513422e-03
-2.238594228e-03,-1.787761576e-03
-1.982077491e-03,-2.070850460e-03
-1.748435083e-03,-2.238371177e-03
-1.403596369e-03,-2.455841517e-03
-1.086459379e-03,-2.674664836e-03
-7.866717060e-04,-2.782381838e-03
-4.084730754e-04,-2.878834726e-03
-3.177920007e-05,-2.915170975e-03
3.071308893e-04,-2.885214286e-03
6.755702780e-04,-2.818902954e-03
9.895601543e-04,-2.676226432e-03
1.347680227e-03,-2.555394312e-03
1.721901004e-03,-2.450705506e-03
1.949277823e-03,-2.172548557e-03
2.185768215e-03,-1.887860126e-03
2.329227980e-03,-1.597670256e-03
2.534921747e-03,-1.316423179e-03
2.708228771e-03,-9.495643899e-04
2.824722324e-03,-5.253797281e-04
2.888522809e-03,-2.544519666e-04
2.846514573e-03,1.475513709e-04
2.848171163e-03,5.515767843e-04
2.801254625e-03,8.826975827e-04
2.587861614e-03,1.193787204e-03
2.373334253e-03,1.556962496e-03
2.249269746e-03,1.841931022e-03
1.970718615e-03,2.070869319e-03
1.715094317e-03,2.366380300e-03
1.381894457e-03,2.505914541e-03
1.066732104e-03,2.663173014e-03
8.154604584e-04,2.801387571e-03
4.073196324e-04,2.872830257e-03
2.908307033e-05,2.837960841e-03
-3.078191658e-04,2.823032439e-03
-6.595026935e-04,2.827978693e-03
-1.062920550e-03,2.706292085e-03
-1.363206655e-03,2.605471993e-03
-1.615949790e-03,2.344493289e-03
-1.896541915e-03,2.123771468e-03
-2.177342772e-03,1.882838085e-03
-2.435312141e-03,1.601553056e-03
-2.595413709e-03,1.318393042e-03
-2.778684022e-03,9.175431333e-04
-2.862696070e-03,5.996277323e-04
-2.871249570e-03,2.142331068e-04
-2.879356965e-03,-1.619054092e-04
-2.858547494e-03,-4.861624329e-04
-2.755866619e-03,-8.553090738e-04
-2.616593614e-03,-1.225623419e-03
-2.449424006e-03,-1.543576713e-03
-2.273980994e-03,-1.763311331e-03
-2.004263690e-03,-2.072283998e-03
-1.717733452e-03,-2.363812411e-03
-1.459284802e-03,-2.459838288e-03
-1.100201160e-03,-2.679610858e-03
-7.761292509e-04,-2.786919707e-03
-4.103860119e-04,-2.827978693e-03
-2.608789873e-05,-2.917886013e-03
3.594585869e-04,-2.793465275e-03
6.535360590e-04,-2.770481864e-03
1.029019477e-03,-2.743482590e-03
1.404821058e-03,-2.561588772e-03
1.672829618e-03,-2.324039815e-03
1.928154961e-03,-2.095879754e-03
2.162262565e-03,-1.887898077e-03
2.473428147e-03,-1.584355719e-03
2.627824200e-03,-1.266141306e-03
2.707668580e-03,-9.256695048e-04
2.828068798e-03,-5.662868498e-04
2.843932249e-03,-2.201997122e-04
2.890492789e-03,1.343270560e-04
2.910001669e-03,5.034356727e-04
2.729797736e-03,8.572599618e-04
2.595484955e-03,1.112694503e-03
2.482560696e-03,1.508783433e-03
2.241812646e-03,1.824453590e-03
2.017150866e-03,2.084331121e-03
1.755445963e-03,2.297690837e-03
1.381875481e-03,2.495984547e-03
1.083037001e-03,2.752852393e-03
7.602325059e-04,2.747574123e-03
3.683064715e-04,2.864979208e-03
5.057615999e-05,2.899345243e-03
-3.301524266e-04,2.828106750e-03
-7.418770110e-04,2.858936554e-03
-1.039989176e-03,2.671351423e-03
-1.370459679e-03,2.491892781e-03
-1.658195513e-03,2.366361441e-03
-1.915490720e-03,2.120648045e-03
-2.250812249e-03,1.847769483e-03
-2.452770481e-03,1.538706594e-03
-2.616071375e-03,1.263891347e-03
-2.715700073e-03,9.124879143e-04
-2.851517638e-03,4.799157614e-04
-2.913775388e-03,1.781581377e-04
-2.819961403e-03,-1.656410750e-04
-2.871173667e-03,-5.314982263e-04
-2.786696423e-03,-8.696251316e-04
-2.609449672e-03,-1.186482026e-03
-2.440087264e-03,-1.544711180e-03
-2.245942131e-03,-1.863576006e-03
-1.958799781e-03,-2.098428784e-03
-1.724915230e-03,-2.369261580e-03
-1.487124129e-03,-2.531447215e-03
-1.050759456e-03,-2.675315132e-03
-7.429022808e-04,-2.759398194e-03
-4.173968919e-04,-2.841383219e-03
-4.451461427e-05,-2.875004197e-03
3.138997126e-04,-2.887274371e-03
7.307412452e-04,-2.844117349e-03
1.069314312e-03,-2.645116532e-03
1.377598732e-03,-2.565718256e-03
1.710333279e-03,-2.409480512e-03
2.006385475e-03,-2.101310063e-03
2.196832793e-03,-1.832428155e-03
2.373633441e-03,-1.572844922e-03
2.606829628e-03,-1.237618271e-03
2.734520705e-03,-8.780315402e-04
2.775893081e-03,-5.358082126e-04
2.854123479e-03,-1.703640446e-04
2.882480389e-03,1.694906532e-04
2.835843945e-03,5.311612040e-04
2.760290634e-03,8.817292401e-04
2.641675062e-03,1.226145541e-03
2.440073062e-03,1.533143455e-03
2.222958719e-03,1.828284236e-03
2.000228968e-03,2.138647716e-03
1.666787080e-03,2.348267008e-03
1.377190463e-03,2.551193349e-03
1.098677400e-03,2.699395176e-03
7.134822081e-04,2.804900054e-03
3.605740785e-04,2.863939619e-03
-3.477437349e-05,2.852746984e-03
-3.853803501e-04,2.888152609e-03
-6.851633661e-04,2.830897924e-03
-1.017973991e-03,2.693575574e-03
-1.325736172e-03,2.513129497e-03
-1.657117973e-03,2.301298315e-03
-2.006086288e-03,2.061124425e-03
-2.264236100e-03,1.841893070e-03
-2.437001793e-03,1.552875619e-03
-2.608984476e-03,1.239422010e-03
-2.703595906e-03,9.297041688e-04
-2.843542956e-03,5.547950859e-04
-2.888152609e-03,2.031115728e-04
-2.866972703e-03,-1.408015523e-04
-2.857935149e-03,-4.678638943e-04
-2.741047414e-03,-8.618168067e-04
-2.617224818e-03,-1.250244561e-03
-2.489941893e-03,-1.511498471e-03
-2.270838711e-03,-1.794682350e-03
-2.000694163e-03,-2.057910897e-03
-1.716361614e-03,-2.291202080e-03
-1.408523414e-03,-2.547828015e-03
-1.095402171e-03,-2.726043109e-03
-7.070694119e-04,-2.851797501e-03
-3.284388804e-04,-2.861039480e-03
2.772076641e-06,-2.883890178e-03
3.175451711e-04,-2.874296857e-03
6.868579076e-04,-2.759251045e-03
1.033818466e-03,-2.694539260e-03
1.348292455e-03,-2.538904082e-03
1.695438172e-03,-2.295701997e-03
1.981522189e-03,-2.120519988e-03
2.229039092e-03,-1.867031562e-03
2.443936886e-03,-1.580078970e-03
2.623618580e-03,-1.256695366e-03
2.789321356e-03,-8.606443298e-04
2.831790131e-03,-5.305488594e-04
2.855424071e-03,-1.936276531e-04
2.890250646e-03,1.692153455e-04
2.825524658e-03,5.082535790e-04
2.747759223e-03,8.577963454e-04
2.649820410e-03,1.212868956e-03
2.449965104e-03,1.527993358e-03
2.210294362e-03,1.821700600e-03
1.981393900e-03,2.067375928e-03
1.711429795e-03,2.367438981e-03
1.407721313e-03,2.557402011e-03
1.019962830e-03,2.694263821e-03
7.622593548e-04,2.843168098e-03
4.098496283e-04,2.819126006e-03
-5.089418846e-05,2.882570494e-03
-3.707462747e-04,2.903992310e-03
-7.275039679e-04,2.795606153e-03
-1.017266652e-03,2.712652553e-03
-1.340522198e-03,2.530720783e-03
-1.657583169e-03,2.312566852e-03
-1.961904112e-03,2.065980341e-03
-2.205087338e-03,1.809833804e-03
-2.391984221e-03,1.534838113e-03
-2.657035366e-03,1.196260215e-03
-2.786345314e-03,8.877528016e-04
-2.864124719e-03,5.601303419e-04
-2.939303173e-03,1.779730228e-04
-2.867694246e-03,-1.879031333e-04
-2.818086417e-03,-5.383002572e-04
-2.825799864e-03,-8.618879947e-04
-2.644466236e-03,-1.180012245e-03
-2.457066206e-03,-1.535113435e-03
-2.299641725e-03,-1.832523034e-03
-2.002925146e-03,-2.098072786e-03
-1.700051944e-03,-2.320987638e-03
-1.400117064e-03,-2.522186376e-03
-1.106390846e-03,-2.667131601e-03
-7.331003435e-04,-2.757115057e-03
-3.540283651e-04,-2.891014796e-03
-2.980931822e-05,-2.891218988e-03
3.652590676e-04,-2.855348168e-03
7.300149882e-04,-2.827570308e-03
1.126493211e-03,-2.696010750e-03
1.385074691e-03,-2.523710020e-03
1.635862282e-03,-2.303434303e-03
2.021707827e-03,-2.109474270e-03
2.207764424e-03,-1.780717517e-03
2.444330836e-03,-1.514251577e-03
2.577727428e-03,-1.292267116e-03
2.727305749e-03,-8.482222329e-04
2.928466303e-03,-5.150936195e-04
2.888223855e-03,-1.672786893e-04
2.856316511e-03,1.213875294e-04
2.791794483e-03,5.217532162e-04
2.792387735e-03,9.367150487e-04
2.656997414e-03,1.199369319e-03
2.463146811e-03,1.566038234e-03
2.239448717e-03,1.805447857e-03
1.939328737e-03,2.137123840e-03
1.685493859e-03,2.387987450e-03
1.404745039e-03,2.539663576e-03
1.091666520e-03,2.709956607e-03
7.216655067e-04,2.765274607e-03
3.533021081e-04,2.847871976e-03
-1.344267275e-05,2.867158037e-03
-2.946708119e-04,2.866578754e-03
-6.881775334e-04,2.843505004e-03
-1.084190561e-03,2.734629903e-03
-1.367782475e-03,2.550581004e-03
-1.712307916e-03,2.321324544e-03
-1.975441584e-03,2.115815878e-03
-2.207541373e-03,1.804517466e-03
-2.446020721e-03,1.558581134e-03
-2.595337806e-03,1.286295825e-03
-2.732550725e-03,8.838510257e-04
-2.832383616e-03,5.587015767e-04
-2.901481465e-03,1.703450544e-04
-2.883780980e-03,-1.941118244e-04
-2.795250155e-03,-5.236661527e-04
-2.778014867e-03,-9.052539244e-04
-2.641304862e-03,-1.221104525e-03
-2.446727827e-03,-1.523009269e-03
-2.232997911e-03,-1.832670183e-03
-1.934586675e-03,-2.072749194e-03
-1.657322049e-03,-2.309163567e-03
-1.364640193e-03,-2.522466239e-03
-1.089117606e-03,-2.658131998e-03
-7.618843811e-04,-2.782941796e-03
-3.685865086e-04,-2.853060141e-03
5.634340596e-06,-2.885883674e-03
3.924244666e-04,-2.875023289e-03
7.366888458e-04,-2.820910653e-03
1.039656927e-03,-2.718172967e-03
1.397344982e-03,-2.538306173e-03
1.694308477e-03,-2.323963912e-03
1.959060784e-03,-2.065757290e-03
2.277569612e-03,-1.818036078e-03
2.465937752e-03,-1.553525915e-03
2.606421243e-03,-1.224992098e-03
2.743724501e-03,-8.846104611e-04
2.806129633e-03,-5.396245979e-04
2.926752903e-03,-1.822830236e-04
2.911990508e-03,2.011796605e-04
2.788111102e-03,5.029895110e-04
2.729536733e-03,8.634876576e-04
2.595223952e-03,1.264579594e-03
2.467015292e-03,1.573514193e-03
2.276064828e-03,1.888064202e-03
1.944592805e-03,2.150566550e-03
1.689732657e-03,2.401339822e-03
1.379459398e-03,2.540166723e-03
1.073724008e-03,2.695004456e-03
7.807240472e-04,2.821731847e-03
3.650549625e-04,2.897133352e-03
2.296456660e-05,2.932724077e-03
-3.550109395e-04,2.850421006e-03
-7.117923815e-04,2.848470118e-03
-1.030695159e-03,2.693945775e-03
-1.371575054e-03,2.502995310e-03
-1.697189640e-03,2.402042272e-03
-2.029255033e-03,2.071723808e-03
-2.242889954e-03,1.789717237e-03
-2.459444338e-03,1.575151808e-03
-2.678941470e-03,1.248716144e-03
-2.726949751e-03,9.322911501e-04
-2.818328561e-03,5.366483820e-04
-2.872920362e-03,1.951133745e-04
-2.870504279e-03,-1.948902791e-04
-2.879931359e-03,-6.027320633e-04
-2.707744483e-03,-8.900407120e-04
-2.612350043e-03,-1.192989759e-03
-2.467366634e-03,-1.532232156e-03
-2.216261113e-03,-1.821140409e-03
-1.972598257e-03,-2.066834830e-03
-1.703398419e-03,-2.366603585e-03
-1.401735703e-03,-2.557216911e-03
-1.026660437e-03,-2.696323907e-03
-7.175928331e-04,-2.818978857e-03
-3.352836065e-04,-2.884877380e-03
4.481365613e-05,-2.910780255e-03
3.536533623e-04,-2.835730091e-03
7.070694119e-04,-2.732194727e-03
1.052895444e-03,-2.674702788e-03
1.392156817e-03,-2.556770807e-03
1.725024427e-03,-2.304772846e-03
1.977857668e-03,-2.131323563e-03
2.218235750e-03,-1.885648235e-03
2.503332449e-03,-1.508674235e-03
2.632528311e-03,-1.227484085e-03
2.677769167e-03,-8.715949953e-04
2.791960491e-03,-5.682756891e-04
2.884673188e-03,-2.349287533e-04
2.868439537e-03,1.875851012e-04
2.841255162e-03,5.509075127e-04
2.771616215e-03,9.167456883e-04
2.585388720e-03,1.241429942e-03
2.387650311e-03,1.587664126e-03
2.219683491e-03,1.814096351e-03
1.975294435e-03,2.077581361e-03
1.648061327e-03,2.387337154e-03
1.403463539e-03,2.558166394e-03
1.085623982e-03,2.675538184e-03
7.156609790e-04,2.810776467e-03
3.530600225e-04,2.875526436e-03
-1.959915062e-05,2.878497820e-03
-3.682874667e-04,2.854882972e-03
-7.473072619e-04,2.764700213e-03
-1.105944626e-03,2.658112906e-03
-1.404061564e-03,2.499667928e-03
-1.712939236e-03,2.301929519e-03
-2.024404006e-03,2.091303933e-03
-2.206871985e-03,1.793471863e-03
-2.408141969e-03,1.524945954e-03
-2.638442675e-03,1.212199684e-03
-2.832402475e-03,8.453030023e-04
-2.884469228e-03,6.034772960e-04
-2.857991960e-03,2.018299710e-04
-2.880989807e-03,-2.408384025e-04
-2.787123667e-03,-5.106696626e-04
-2.721092198e-03,-9.006781038e-04
-2.627340145e-03,-1.229268848e-03
-2.417089418e-03,-1.530153095e-03
-2.242092509e-03,-1.924452488e-03
-1.980183646e-03,-2.114714822e-03
-1.716788858e-03,-2.371402457e-03
-1.376929344e-03,-2.525271615e-03
-9.817897808e-04,-2.702219412e-03
-7.054317975e-04,-2.847634722e-03
-3.575788869e-04,-2.809793921e-03
-2.130796565e-05,-2.890995936e-03
3.620407952e-04,-2.822956536e-03
7.338266005e-04,-2.775484696e-03
1.069537364e-03,-2.759103896e-03
1.454727957e-03,-2.567332238e-03
1.657839515e-03,-2.286721254e-03
1.925121760e-03,-2.070256975e-03
2.217471367e-03,-1.822274877e-03
2.434994094e-03,-1.553487848e-03
2.617742168e-03,-1.228262554e-03
2.742385957e-03,-8.369345451e-04
2.842911752e-03,-5.414805491e-04
2.815518528e-03,-1.593042252e-04
2.905259840e-03,1.864506339e-04
2.932425123e-03,5.475421203e-04
2.767301397e-03,9.120227187e-04
2.637787489e-03,1.227298984e-03
2.459444338e-03,1.570481109e-03
2.251149388e-03,1.845889725e-03
2.017687308e-03,2.123771468e-03
1.682147384e-03,2.355519915e-03
1.384443487e-03,2.479214454e-03
1.066841302e-03,2.671650611e-03
7.081089425e-04,2.842204412e-03
4.159301752e-04,2.875099191e-03
4.009068289e-05,2.885641530e-03
-3.821051214e-04,2.862173831e-03
-7.536868216e-04,2.761221025e-03
-1.098748646e-03,2.679107711e-03
-1.409211778e-03,2.576967934e-03
-1.738690189e-03,2.296072198e-03
-2.002141904e-03,2.084312029e-03
-2.221264178e-03,1.857215422e-03
-2.447843319e-03,1.485894783e-03
-2.616014332e-03,1.211269293e-03
-2.741213655e-03,9.378875257e-04
-2.846220275e-03,5.429899902e-04
-2.917586826e-03,1.970690209e-04
-2.887127222e-03,-1.656600652e-04
-2.820782596e-03,-5.847135326e-04
-2.721799538e-03,-8.828637074e-04
-2.630074276e-03,-1.233768766e-03
-2.496098401e-03,-1.576471492e-03
-2.196495654e-03,-1.848604879e-03
-1.952197053e-03,-2.105904743e-03
-1.712863334e-03,-2.306320239e-03
-1.403577393e-03,-2.543997485e-03
-1.116748201e-03,-2.698222641e-03
-7.322839228e-04,-2.819686197e-03
-3.088586964e-04,-2.859012689e-03
1.690302270e-05,-2.833873965e-03
3.474826517e-04,-2.877107123e-03
7.478863699e-04,-2.810107311e-03
1.065260614e-03,-2.658412093e-03
1.330050873e-03,-2.526776399e-03
1.687349752e-03,-2.297932981e-03
2.031448064e-03,-2.035055542e-03
2.247057622e-03,-1.853460795e-03
2.427517902e-03,-1.559938653e-03
2.650769893e-03,-1.216101460e-03
2.716853516e-03,-8.957130485e-04
2.825059462e-03,-5.074703950e-04
2.956115874e-03,-1.428094110e-04
2.865411108e-03,2.320617350e-04
2.842945047e-03,5.620480515e-04
2.769105136e-03,8.755917079e-04
2.609359566e-03,1.209740876e-03
2.435739152e-03,1.535023213e-03
2.225412754e-03,1.856118906e-03
1.954318723e-03,2.099487232e-03
1.619609538e-03,2.382186940e-03
1.357254339e-03,2.525698859e-03
1.054794178e-03,2.696437761e-03
7.220927509e-04,2.796868794e-03
3.645138349e-04,2.789819846e-03
-6.167870743e-05,2.913794247e-03
-3.880574950e-04,2.869797172e-03
-7.335085538e-04,2.822325332e-03
-1.086758450e-03,2.729702741e-03
-1.370720682e-03,2.472483553e-03
-1.767365029e-03,2.284172224e-03
-2.016329672e-03,2.106555039e-03
-2.220314695e-03,1.831739792e-03
-2.525589662e-03,1.538497745e-03
-2.568931784e-03,1.226924011e-03
-2.718956210e-03,8.285471122e-04
-2.910761163e-03,4.824077769e-04
-2.911952557e-03,1.664052979e-04
-2.902786713e-03,-2.068852045e-04
-2.828889992e-03,-5.662678741e-04
-2.773700049e-03,-9.515722631e-04
-2.600060776e-03,-1.299686264e-03
-2.395292511e-03,-1.540766680e-03
-2.188725397e-03,-1.833301503e-03
-1.953369472e-03,-2.155251568e-03
-1.683818176e-03,-2.371625509e-03
-1.345411292e-03,-2.539720619e-03
-1.028573373e-03,-2.720854944e-03
-6.868389319e-04,-2.847819822e-03
-3.757825179e-04,-2.833351959e-03
5.857436008e-06,-2.798354486e-03
3.899894073e-04,-2.837723587e-03
7.392378175e-04,-2.781304298e-03
1.119876280e-03,-2.711722162e-03
1.409078832e-03,-2.525774762e-03
1.699866843e-03,-2.296129009e-03
2.001216169e-03,-2.163619967e-03
2.335123252e-03,-1.827221015e-03
2.555807121e-03,-1.510962145e-03
2.631094772e-03,-1.217905199e-03
2.796294400e-03,-8.775094175e-04
2.896962455e-03,-5.488094757e-04
2.909384668e-03,-1.422113273e-04
2.882385394e-03,2.305380476e-04
2.816576976e-03,5.798054626e-04
2.763024764e-03,8.988933405e-04
2.579550259e-03,1.258162083e-03
2.377497265e-03,1.572750043e-03
2.142164856e-03,1.879714779e-03
1.908071572e-03,2.193372464e-03
1.676883316e-03,2.302356763e-03
1.359931426e-03,2.495723311e-03
1.052150270e-03,2.698369790e-03
6.622367655e-04,2.791533479e-03
2.733628207e-04,2.897873754e-03
-8.795646863e-06,2.923980821e-03
-3.710975288e-04,2.871842822e-03
-7.556946948e-04,2.769366372e-03
-1.043150434e-03,2.660495928e-03
-1.409301884e-03,2.579531167e-03
-1.728760079e-03,2.305147937e-03
-2.021128777e-03,2.039517509e-03
-2.241978655e-03,1.862887759e-03
-2.425082959e-03,1.499095350e-03
-2.638570732e-03,1.205392880e-03
-2.748670522e-03,8.373997407e-04
-2.862173831e-03,4.481745418e-04
-2.876527840e-03,1.439248881e-04
-2.834339160e-03,-2.409523149e-04
-2.831401071e-03,-5.978998961e-04
-2.733998466e-03,-9.246489499e-04
-2.591654425e-03,-1.234195894e-03
-2.427945146e-03,-1.605867757e-03
-2.189337742e-03,-1.899612951e-03
-1.956141554e-03,-2.146066632e-03
-1.660464448e-03,-2.356412355e-03
-1.348031452e-03,-2.566591604e-03
-9.970552055e-04,-2.760162344e-03
-6.544094649e-04,-2.825989854e-03
-3.557371674e-04,-2.912232652e-03
9.321582183e-05,-2.884787275e-03
4.190155305e-04,-2.838967135e-03
6.939779851e-04,-2.787104808e-03
1.070372877e-03,-2.682212042e-03
1.435911981e-03,-2.522262279e-03
1.746688387e-03,-2.259940142e-03
2.021185588e-03,-2.087027300e-03
2.276510932e-03,-1.809112262e-03
2.470622770e-03,-1.500937156e-03
2.654192271e-03,-1.198287122e-03
2.807952231e-03,-8.536714595e-04
2.847150667e-03,-5.245395587e-04
2.877349034e-03,-1.238036057e-04
2.899810439e-03,2.135258546e-04
2.821522998e-03,5.725714727e-04
2.740136115e-03,9.061463061e-04
2.599410480e-03,1.263369224e-03
2.430214081e-03,1.590270083e-03
2.247651108e-03,1.859370386e-03
1.961272676e-03,2.071875613e-03
1.640604227e-03,2.328169299e-03
1.386693330e-03,2.592029283e-03
1.033073175e-03,2.681376645e-03
6.645246758e-04,2.820559544e-03
3.078191658e-04,2.871396719e-03
-8.116868412e-05,2.882314147e-03
-3.591025888e-04,2.834040206e-03
-7.531836745e-04,2.751831897e-03
-1.078428002e-03,2.684219740e-03
-1.410175348e-03,2.517202171e-03
-1.816678559e-03,2.351338044e-03
-1.999706728e-03,2.068861621e-03
-2.291088225e-03,1.771993004e-03
-2.510191407e-03,1.478271559e-03
-2.584866481e-03,1.220582402e-03
-2.753986977e-03,8.737879689e-04
-2.873627702e-03,5.183688481e-04
-2.888893010e-03,1.966940326e-04
-2.816671971e-03,-2.283830399e-04
-2.818437759e-03,-5.816092016e-04
-2.762246178e-03,-9.368812316e-04
-2.621667692e-03,-1.286779996e-03
-2.459150041e-03,-1.590730506e-03
-2.164014149e-03,-1.883246354e-03
-1.963688759e-03,-2.166168997e-03
-1.671192003e-03,-2.377426019e-03
-1.328081009e-03,-2.568395576e-03
-1.065706834e-03,-2.698630793e-03
-6.730972091e-04,-2.754305024e-03
-3.382408177e-04,-2.882665489e-03
1.678910121e-05,-2.907063579e-03
4.387475783e-04,-2.821988193e-03
7.107338752e-04,-2.761092735e-03
1.089340658e-03,-2.639017068e-03
1.450603013e-03,-2.538752276e-03
1.659923350e-03,-2.300871070e-03
1.997589832e-03,-2.035653684e-03
2.242500894e-03,-1.811827417e-03
2.435867442e-03,-1.482401160e-03
2.626799047e-03,-1.183467917e-03
2.775541740e-03,-8.337542531e-04
2.876864979e-03,-5.075083463e-04
2.901258180e-03,-2.100654965e-04
2.915412886e-03,1.701219589e-04
2.801999915e-03,6.242868258e-04
2.714883536e-03,1.009942498e-03
2.548739314e-03,1.245668740e-03
2.353250980e-03,1.552742673e-03
2.213436645e-03,1.900562318e-03
1.915694796e-03,2.164512407e-03
1.649698941e-03,2.364889951e-03
1.378510031e-03,2.550467150e-03
1.044659875e-03,2.700975630e-03
6.692476454e-04,2.812746447e-03
3.179154301e-04,2.898619045e-03
-7.501220534e-05,2.875635633e-03
-4.467220569e-04,2.879186068e-03
-7.442598580e-04,2.846552525e-03
-1.114854240e-03,2.715794835e-03
-1.471298630e-03,2.526315860e-03
-1.768034301e-03,2.287295414e-03
-2.049115254e-03,2.073527547e-03
-2.296219347e-03,1.777200145e-03
-2.482745796e-03,1.459692954e-03
-2.655326622e-03,1.167181879e-03
-2.730614273e-03,8.106805035e-04
-2.786122262e-03,4.548294237e-04
-2.863194328e-03,9.267470159e-05
-2.910946263e-03,-2.448920859e-04
-2.855552128e-03,-5.765681854e-04
-2.690229099e-03,-9.588442044e-04
-2.577803330e-03,-1.283694524e-03
-2.400907921e-03,-1.591252745e-03
-2.154231071e-03,-1.940838178e-03
-1.925031655e-03,-2.146028681e-03
-1.626563491e-03,-2.356412355e-03
-1.341466792e-03,-2.572468249e-03
-1.050104387e-03,-2.666481305e-03
-6.396044628e-04,-2.794281812e-03
