I , Q   (centre=5000.000 MHz ; BW=5.000 MHz ; fs=10.000 MSa/s)
-1.255503885e-04,-2.612587414e-04
-4.299092325e-05,-2.499331022e-04
-5.529913324e-05,-2.382751700e-04
-7.382078184e-05,-3.038034483e-04
2.689009307e-05,-2.950078051e-04
5.998887718e-05,-2.644200285e-04
6.924495392e-05,-2.548411721e-04
1.401322661e-04,-2.715021255e-04
1.491842413e-04,-2.489837352e-04
1.307385392e-04,-2.443367266e-04
1.623136341e-04,-2.150495420e-04
2.333101293e-04,-1.683751761e-04
3.272522008e-04,-1.978854561e-04
3.020899021e-04,-1.834744471e-04
2.336613834e-04,-9.814290388e-05
2.811711747e-04,-1.167689788e-05
2.777345362e-04,1.892986620e-05
3.105532669e-04,6.800131814e-05
3.457358689e-04,1.024386729e-04
2.447069564e-04,1.005589802e-04
2.245334617e-04,1.511019072e-04
2.351898147e-04,2.016590879e-04
2.041511034e-04,2.093392541e-04
2.331962023e-04,2.302247594e-04
1.951513550e-04,2.609027142e-04
1.442239300e-04,2.426801220e-04
1.246057946e-04,2.551402140e-04
2.008331467e-05,2.790541330e-04
-6.882724506e-07,2.682126651e-04
-7.903266123e-06,3.330526815e-04
-1.197688980e-04,2.898386447e-04
-1.288635831e-04,1.932384184e-04
-8.055161015e-05,2.347578702e-04
-1.505085675e-04,2.542288566e-04
-1.816896838e-04,2.635798592e-04
-2.006765135e-04,2.096193057e-04
-2.879209933e-04,1.580938115e-04
-2.841663372e-04,1.312796667e-04
-2.720432531e-04,1.336577698e-04
-3.135626903e-04,1.398142485e-04
-2.700164041e-04,3.705753988e-05
-3.035234113e-04,-1.733022509e-05
-3.192919539e-04,-5.016794239e-05
-2.290523262e-04,-9.946249338e-05
-2.706667001e-04,-1.504326210e-04
-2.608315262e-04,-1.556967181e-04
-1.669084450e-04,-2.055276418e-04
-1.766344503e-04,-2.201427560e-04
-2.085038286e-04,-2.149213833e-04
-1.214065123e-04,-2.617618884e-04
-1.135222337e-04,-2.229717938e-04
-9.942451288e-05,-2.717821917e-04
-7.604223811e-06,-2.886282455e-04
-9.018742276e-06,-2.728406980e-04
5.810918083e-05,-3.017386480e-04
7.863868814e-05,-3.335178480e-04
9.561290790e-05,-3.335368237e-04
1.671315404e-04,-2.603853354e-04
1.559910161e-04,-2.340553619e-04
1.567742293e-04,-1.780442108e-04
1.863746875e-04,-1.383095369e-04
2.141761506e-04,-1.287686609e-04
2.969207417e-04,-1.560289966e-04
3.155183222e-04,-1.406686497e-04
2.830318699e-04,-1.613880158e-05
3.757445375e-04,-2.381897320e-05
3.401347494e-04,3.030772132e-05
3.151623241e-04,5.308716572e-05
2.891124168e-04,3.378705878e-05
2.519599220e-04,7.813553384e-05
3.104203788e-04,1.471431606e-04
2.226917422e-04,1.830282563e-04
1.809824316e-04,1.367858495e-04
1.647676836e-04,2.425139828e-04
1.335865672e-04,2.462496341e-04
1.135412240e-04,2.579645079e-04
6.389067130e-05,2.901898988e-04
4.540699592e-05,2.242344199e-04
1.911498657e-05,2.891693730e-04
-2.313070036e-05,2.668171364e-04
-7.971619198e-05,2.426991123e-04
-7.809756062e-05,3.424606402e-04
-1.316309208e-04,3.414021339e-04
-2.166112099e-04,2.750526473e-04
-1.434597070e-04,2.293466241e-04
-1.938887290e-04,2.028884774e-04
-2.469758911e-04,1.648436300e-04
-2.090971684e-04,1.487950067e-04
-2.608315262e-04,9.873624367e-05
-3.079141025e-04,5.911073822e-05
-2.797756460e-04,1.824159335e-05
-2.518507536e-04,-2.604992551e-05
-2.922547283e-04,3.085359367e-06
-2.833309118e-04,-1.141155735e-04
-2.757789043e-04,-1.588580344e-04
-2.980931604e-04,-1.229302143e-04
-2.218753070e-04,-2.003964619e-04
-1.373412088e-04,-1.678387925e-04
-1.947431301e-04,-2.281219786e-04
-1.437397732e-04,-3.194058954e-04
-5.097013491e-05,-2.404112020e-04
-1.294759131e-04,-2.592128876e-04
-4.821704715e-05,-3.356206289e-04
2.757836592e-05,-3.001200093e-04
2.510533159e-05,-2.914572833e-04
6.935887359e-05,-3.096419096e-04
1.095777188e-04,-2.381612576e-04
1.508028654e-04,-2.513286308e-04
1.594513742e-04,-2.021242544e-04
2.195304260e-04,-1.721867884e-04
2.465297002e-04,-1.793827832e-04
2.171143569e-04,-1.042424265e-04
2.453572524e-04,-1.707200427e-04
2.765051613e-04,-1.429565600e-04
2.279368491e-04,7.884279512e-06
2.779908828e-04,1.597266782e-05
3.221732040e-04,3.564776489e-05
3.058493021e-04,1.048547492e-04
3.155183222e-04,9.466831398e-05
2.555104729e-04,8.129684284e-05
2.124103776e-04,1.775458077e-04
2.153485839e-04,1.957114582e-04
2.407861903e-04,1.326182391e-04
1.450403652e-04,1.971781894e-04
1.362257317e-04,2.603853354e-04
1.905992540e-04,2.871994802e-04
6.716589996e-05,2.699784236e-04
-3.070169987e-05,2.733628207e-04
-2.791063480e-06,3.200561914e-04
2.945331471e-05,3.174312587e-04
-1.136693827e-04,3.033762623e-04
-1.453204168e-04,2.577604027e-04
-1.269838976e-04,2.129277709e-04
-2.341645304e-04,2.146982879e-04
-2.352230513e-04,2.808009158e-04
-2.271916164e-04,2.727315295e-04
-2.688819368e-04,1.836595766e-04
-2.802787931e-04,1.506557164e-04
-2.619992301e-04,1.271310466e-04
-2.497859532e-04,1.146377108e-04
-3.127842210e-04,5.777216575e-05
-3.181195352e-04,-9.835175661e-06
-3.033952380e-04,-3.497848229e-05
-3.209675488e-04,-7.264834130e-05
-2.412703470e-04,-1.236944227e-04
-2.705005754e-04,-1.717026171e-04
-2.417497599e-04,-2.001543762e-04
-1.625746954e-04,-2.005246206e-04
-1.845187217e-04,-2.502700954e-04
-1.522743405e-04,-3.102352493e-04
-1.146567010e-04,-2.553822997e-04
-6.491596287e-05,-2.382751700e-04
-3.246747292e-05,-2.733058645e-04
-1.777641592e-05,-2.754988382e-04
3.981062764e-05,-3.602370562e-04
8.910517499e-05,-3.284958366e-04
9.621099889e-05,-2.575373219e-04
1.011950371e-04,-3.624490346e-04
1.537600619e-04,-2.896155638e-04
2.081858111e-04,-2.326788090e-04
1.741756569e-04,-2.146033512e-04
1.903381926e-04,-1.421211346e-04
2.808199206e-04,-1.277481206e-04
2.990045468e-04,-7.171798643e-05
2.843324619e-04,-6.881775334e-05
2.894114587e-04,-2.746444443e-05
2.905458969e-04,8.757673641e-06
2.935742959e-04,4.237859685e-05
2.552304068e-04,6.913577818e-05
2.499140974e-04,9.267470159e-05
2.329920972e-04,1.522553648e-04
2.240113245e-04,2.017350344e-04
2.364144748e-04,2.317294711e-04
1.496494224e-04,2.220414462e-04
1.529056608e-04,2.778816852e-04
1.297559647e-04,3.228235291e-04
4.777085633e-05,3.152572608e-04
3.958753223e-05,2.886662260e-04
3.295163697e-05,3.048050276e-04
4.420133337e-05,3.029110667e-04
-2.562272130e-05,2.556813415e-04
-4.825502037e-05,2.476072113e-04
-1.154019337e-04,2.400219673e-04
-2.093962103e-04,2.723422949e-04
-1.775790442e-04,2.443367266e-04
-2.197725116e-04,1.963617542e-04
-2.656257129e-04,1.583358971e-04
-2.513476065e-04,1.767436188e-04
-2.371786832e-04,1.281943114e-04
-2.678424062e-04,3.001342520e-05
-2.878117957e-04,-1.773844269e-05
-3.370493941e-04,-1.022915239e-05
-2.961232967e-04,-4.068402268e-05
-2.293466241e-04,-1.232672221e-04
-2.767662227e-04,-8.425403939e-05
-2.629105875e-04,-1.557679207e-04
-2.246236545e-04,-2.124625898e-04
-2.466246369e-04,-2.038568055e-04
-2.050434850e-04,-2.975710377e-04
-1.286025217e-04,-2.455993381e-04
-1.230441267e-04,-2.160178701e-04
-5.902054909e-05,-2.979650162e-04
1.119273384e-05,-2.831600432e-04
-4.460954733e-05,-2.701825288e-04
3.899419607e-05,-2.634706907e-04
1.112343234e-04,-2.658677695e-04
2.525247874e-05,-2.753516892e-04
1.130760429e-04,-2.670022368e-04
1.611601765e-04,-2.186570346e-04
1.600826799e-04,-2.072222269e-04
2.538206463e-04,-2.625783090e-04
2.791443258e-04,-1.789555827e-04
2.621700987e-04,-8.523660654e-05
2.507495228e-04,-6.352042692e-05
3.497515863e-04,-3.925526471e-05
3.156275197e-04,-7.774630649e-05
2.571670630e-04,-1.787135079e-05
3.280306410e-04,4.609526877e-05
2.768042032e-04,8.330470155e-05
3.180625790e-04,1.811865368e-04
3.076340654e-04,2.072934294e-04
2.065909066e-04,1.744936744e-04
1.697707048e-04,1.948190766e-04
1.339568116e-04,2.307611430e-04
1.887765247e-04,2.580594446e-04
1.309094223e-04,2.529472404e-04
1.958016401e-05,2.707616368e-04
4.379311576e-05,3.118348832e-04
3.300384924e-05,2.801316441e-04
2.636795580e-05,2.886282455e-04
-6.420870341e-05,2.835160412e-04
-7.582864055e-05,2.847074647e-04
-1.132611651e-04,3.030012595e-04
-2.540057758e-04,2.750004351e-04
-2.034296049e-04,2.508824400e-04
-2.190272789e-04,2.174276451e-04
-2.428652369e-04,1.689922501e-04
-2.322658402e-04,9.617302567e-05
-2.879969252e-04,1.248288900e-04
-2.672823030e-04,8.083166904e-05
-2.210351377e-04,-4.325199188e-05
-2.550263016e-04,-2.211015999e-05
-3.152952413e-04,-7.568149158e-05
-3.663555544e-04,-8.650398377e-05
-2.874557977e-04,-9.818087710e-05
-2.445408318e-04,-1.867306855e-04
-2.775826433e-04,-1.254791860e-04
-1.697517146e-04,-1.796438592e-04
-1.899632043e-04,-2.302390058e-04
-1.938697387e-04,-2.360964427e-04
-6.675768236e-05,-3.221542283e-04
-6.524822675e-05,-2.662949846e-04
-7.339357398e-05,-2.143422753e-04
-5.838448942e-06,-2.651083050e-04
1.439201424e-05,-2.978131233e-04
5.295900701e-05,-3.052179818e-04
1.075508771e-04,-3.210577415e-04
1.613453060e-04,-2.672253468e-04
2.053805074e-04,-2.427750587e-04
2.556433901e-04,-2.038757957e-04
2.371217270e-04,-1.857243915e-04
2.012888435e-04,-2.188231738e-04
2.882959670e-04,-1.453014411e-04
2.560705761e-04,-6.703299005e-05
2.676193253e-04,-5.926263111e-05
2.785699617e-04,-5.342418081e-05
2.884620917e-04,4.645127046e-05
3.602560319e-04,6.865161413e-05
3.320653632e-04,4.228366379e-05
2.775446919e-04,1.018453331e-04
2.521640272e-04,1.359456801e-04
2.193073306e-04,2.051004412e-04
2.131888323e-04,2.200905437e-04
2.131698420e-04,2.532225626e-04
1.398522145e-04,3.371965431e-04
1.311657397e-04,2.458224481e-04
7.424798241e-05,2.613299293e-04
2.709420187e-05,2.984634193e-04
-1.420689296e-05,2.582825546e-04
-7.824946078e-05,3.038746654e-04
-4.167133739e-05,3.184565576e-04
-9.254653560e-05,3.027259663e-04
-1.448172698e-04,2.695891890e-04
-1.713703532e-04,2.473841014e-04
-2.329208946e-04,2.100844868e-04
-2.245144715e-04,1.727468916e-04
-2.395947668e-04,1.489279239e-04
-2.766000980e-04,1.129811135e-04
-3.206874826e-04,1.508598216e-04
-3.194581077e-04,7.183191337e-05
-2.921787673e-04,-7.158033441e-06
-3.119108442e-04,5.041002169e-06
-2.969776979e-04,-2.281741945e-05
-2.778247290e-04,-5.162043453e-05
-2.655924764e-04,-1.570685272e-04
-2.820635564e-04,-1.588722662e-04
-2.345347748e-04,-1.136693827e-04
-1.799618913e-04,-2.111809736e-04
-1.972731261e-04,-2.426991123e-04
-1.800188475e-04,-2.151064982e-04
-1.463219814e-04,-2.779386705e-04
-4.559686204e-05,-2.982071019e-04
2.416073585e-06,-2.766190737e-04
2.145986036e-05,-2.740701020e-04
6.067715003e-05,-2.901709231e-04
1.006728999e-04,-2.867675212e-04
1.186724112e-04,-2.966074680e-04
9.485343617e-05,-2.799465146e-04
1.469912677e-04,-2.444648708e-04
2.171333472e-04,-2.695891890e-04
2.007667063e-04,-2.252597042e-04
1.774888515e-04,-2.276378073e-04
2.204417979e-04,-1.592472545e-04
2.639548620e-04,-1.070145008e-04
2.902089036e-04,-1.109352816e-04
3.021468583e-04,2.510533159e-05
2.699404431e-04,4.410639667e-05
2.385172556e-04,4.492283188e-05
2.943575091e-04,3.828693661e-05
2.545801108e-04,1.057851041e-04
2.137869160e-04,1.273921080e-04
2.795715118e-04,1.238795521e-04
2.371217270e-04,2.318054176e-04
1.744557085e-04,2.191601961e-04
1.046506368e-04,2.760969219e-04
1.224840234e-04,2.673012787e-04
1.335295965e-04,2.349477290e-04
4.730567889e-05,3.216558252e-04
3.609395571e-05,2.558664710e-04
-1.372272891e-05,1.968459255e-04
-8.975547826e-05,2.826046839e-04
-1.221327548e-04,2.992086520e-04
-1.621854753e-04,2.688819368e-04
-1.749588555e-04,2.283640497e-04
-1.743465400e-04,1.679289853e-04
-2.402830287e-04,1.884015364e-04
-2.339604252e-04,1.921039657e-04
-2.543237933e-04,1.050778446e-04
-2.859700762e-04,8.547869220e-05
-2.897437080e-04,5.695573054e-05
-3.113697167e-04,2.306899432e-06
-2.538586268e-04,2.378099907e-06
-2.637697326e-04,-9.358606621e-05
-2.784750250e-04,-1.245298481e-04
-2.647143265e-04,-7.237303362e-05
-2.639168815e-04,-1.660872658e-04
-2.913053904e-04,-1.662391587e-04
-2.246616205e-04,-1.938887290e-04
-1.031649226e-04,-2.690101101e-04
-1.112533064e-04,-1.648436300e-04
-1.025525926e-04,-2.605135087e-04
-3.568574175e-05,-3.005092440e-04
-1.095065181e-05,-2.553443483e-04
7.495049886e-06,-3.396363463e-04
4.817907029e-05,-3.131022677e-04
4.988788714e-05,-2.754276502e-04
8.585368050e-05,-2.508444595e-04
1.250709756e-04,-2.397229255e-04
1.951893209e-04,-2.556813415e-04
1.897211187e-04,-2.344255918e-04
1.859854528e-04,-2.132457885e-04
2.392577444e-04,-1.615684014e-04
2.460455289e-04,-1.368760277e-04
3.079853195e-04,-1.200869301e-04
3.133585851e-04,-3.250544614e-05
3.094188287e-04,-6.042557288e-06
3.437232517e-04,2.344873110e-06
3.223061212e-04,3.315574577e-05
2.960093552e-04,4.955561599e-05
2.890364558e-04,8.406891720e-05
2.584106987e-04,1.528676803e-04
2.144182363e-04,1.939978974e-04
2.208120422e-04,1.858383039e-04
1.850361150e-04,2.358401107e-04
1.354092965e-04,2.974618692e-04
1.145997376e-04,2.883339475e-04
9.053868416e-05,3.319941461e-04
8.985040768e-05,3.256715427e-04
3.798789112e-05,2.744783123e-04
-6.072936230e-05,2.642159234e-04
-7.582864055e-05,3.259658406e-04
-1.109732548e-04,2.991184592e-04
-1.329552470e-04,2.721904020e-04
-1.106219934e-04,2.702394850e-04
-2.283070935e-04,2.034296049e-04
-2.090259659e-04,2.398178622e-04
-2.393716713e-04,1.709811186e-04
-2.878117957e-04,6.262804527e-05
-2.518839901e-04,8.324773808e-05
-2.810619771e-04,4.747181083e-05
-2.853387850e-04,-2.852295984e-05
-2.718201431e-04,-1.712611811e-05
-2.974998206e-04,-1.013231958e-04
-3.069078084e-04,-1.294189569e-04
-2.943005529e-04,-1.151930774e-04
-3.207444679e-04,-1.552125614e-04
-2.887421579e-04,-1.554546470e-04
-2.641020110e-04,-1.864316437e-04
-1.744367182e-04,-2.099373378e-04
-1.237324032e-04,-2.555864048e-04
-9.728849545e-05,-2.754846064e-04
-9.072380635e-05,-3.171179851e-04
-8.051363693e-05,-3.136956075e-04
1.727326526e-05,-2.819733636e-04
1.379867626e-05,-3.077242291e-04
3.756069054e-05,-2.988383931e-04
9.518570732e-05,-2.837391221e-04
1.528487046e-04,-2.592128876e-04
1.998553344e-04,-2.256679290e-04
2.047491871e-04,-1.789745729e-04
2.097332326e-04,-1.985547424e-04
2.218183508e-04,-2.074263321e-04
2.834970364e-04,-1.286215120e-04
2.905649017e-04,-5.902054909e-05
2.617239079e-04,-1.905802674e-05
2.764292003e-04,-5.301596684e-05
3.056261921e-04,-1.017219256e-05
3.760815598e-04,4.105901098e-05
3.319182142e-04,8.324773808e-05
1.745886111e-04,1.278193085e-04
1.650287450e-04,9.706540004e-05
2.358923375e-04,1.952083112e-04
2.103835286e-04,2.336091711e-04
1.611981570e-04,1.933855674e-04
1.240456768e-04,2.447639126e-04
1.411717967e-04,3.109235258e-04
9.870301437e-05,3.184755333e-04
1.309141680e-05,3.166907700e-04
-2.203421172e-05,2.996548428e-04
-7.517833728e-05,2.295887098e-04
-5.682757183e-05,2.665560460e-04
-9.139308531e-05,2.614818222e-04
-1.169778407e-04,2.214813285e-04
-1.537410863e-04,2.634327102e-04
-2.310411946e-04,2.146223414e-04
-2.190462692e-04,1.985737181e-04
-2.773026063e-04,2.026084258e-04
-2.410472516e-04,9.122695337e-05
-2.451721521e-04,3.882806050e-05
-3.277695796e-04,7.203601854e-05
-3.255766060e-04,-4.272035881e-07
-2.981880971e-04,-6.357739039e-05
-2.109199122e-04,-1.948523095e-05
-2.626685018e-04,-5.796203550e-05
-2.624643967e-04,-1.164034838e-04
-2.133929374e-04,-1.030510030e-04
-2.204038319e-04,-1.637281530e-04
-2.264463837e-04,-2.678234305e-04
-1.945769909e-04,-2.347768605e-04
-1.135032508e-04,-2.345917310e-04
-1.426765084e-04,-3.153664293e-04
-8.445815183e-05,-3.124662035e-04
-2.030641008e-05,-2.908212191e-04
2.473034101e-06,-2.831979946e-04
4.007169628e-05,-2.955441887e-04
1.333349883e-05,-2.686398511e-04
5.316311217e-05,-3.050660889e-04
1.857054012e-04,-2.923116845e-04
1.959345536e-04,-2.002113324e-04
1.464169181e-04,-1.697327389e-04
2.241584734e-04,-1.559340599e-04
2.703154460e-04,-1.712421799e-04
2.819353831e-04,-1.002456993e-04
2.678234305e-04,-8.695017459e-05
2.643061162e-04,-9.104183118e-05
3.120579931e-04,-1.084147789e-05
3.176733444e-04,2.662902443e-05
2.784038370e-04,1.050968276e-04
2.313402365e-04,1.108640790e-04
2.353939199e-04,1.187293747e-04
2.526102180e-04,1.836405863e-04
2.351328585e-04,1.540211379e-04
2.036337100e-04,1.806691434e-04
2.133549715e-04,2.423668338e-04
1.818938035e-04,3.109615063e-04
5.591620356e-05,2.934271470e-04
6.740797835e-05,2.978320990e-04
6.905983173e-05,3.612433502e-04
3.213045784e-05,2.641589672e-04
-5.729275017e-06,2.583205060e-04
-1.479785715e-04,3.139946493e-04
-5.840822632e-05,2.975710377e-04
-1.154541460e-04,3.128411772e-04
-2.154767426e-04,2.194544795e-04
-1.676489337e-04,1.702168956e-04
-2.262042981e-04,2.254827996e-04
-1.726329647e-04,1.516240445e-04
-2.837581269e-04,1.561951212e-04
-2.946708119e-04,1.183543791e-04
-2.263561910e-04,8.591538972e-06
-3.006421612e-04,5.122645598e-05
-2.730637789e-04,2.083804247e-06
-2.440756507e-04,-4.598609303e-05
-2.562557056e-04,-6.338751700e-05
-2.677854500e-04,-1.234523515e-04
-2.215762652e-04,-1.117944339e-04
-2.176175039e-04,-1.709811186e-04
-2.156618721e-04,-2.412703470e-04
-1.766344503e-04,-2.696604060e-04
-1.960247464e-04,-2.612966928e-04
-1.710333308e-04,-2.720242483e-04
-1.055050452e-04,-2.976090182e-04
-3.244848631e-05,-2.988953784e-04
-7.214994184e-06,-3.015345428e-04
-5.800475265e-06,-2.234179847e-04
8.879189409e-05,-2.554013045e-04
1.335106208e-04,-2.714451693e-04
1.629449398e-04,-2.781237708e-04
1.997841318e-04,-2.420298260e-04
2.474790381e-04,-1.812814735e-04
2.342214866e-04,-2.414174960e-04
1.959155634e-04,-1.483678061e-04
2.603853354e-04,-1.328603103e-04
2.779006900e-04,-1.275060349e-04
3.174692392e-04,-5.392733510e-05
2.935363445e-04,-5.308716572e-05
2.556054096e-04,1.249807883e-05
2.865634160e-04,2.326360845e-05
2.941866405e-04,6.742696860e-05
3.250022419e-04,1.322669850e-04
2.704246144e-04,1.512680465e-04
2.241252514e-04,1.709431381e-04
2.232138795e-04,2.349097631e-04
1.492981683e-04,2.674104762e-04
1.080920047e-04,2.103265724e-04
1.566413121e-04,3.011975205e-04
1.282132871e-04,3.252253518e-04
4.124413317e-05,2.475359943e-04
-2.300253982e-05,2.935031080e-04
-1.020114723e-04,3.116118023e-04
-7.160881796e-05,2.919936669e-04
-1.181502739e-04,2.918844693e-04
-8.897701628e-05,3.015345428e-04
-1.304062753e-04,2.075544908e-04
-2.546940232e-04,1.758892176e-04
-1.873809961e-04,2.256679290e-04
-2.848735894e-04,1.444280351e-04
-2.521450515e-04,1.332115789e-04
-2.039090177e-04,1.150839016e-04
-3.046768543e-04,5.598740245e-05
-2.652554540e-04,3.159407788e-05
-2.553443483e-04,-1.186202007e-05
-2.759497729e-04,-3.038366958e-05
-2.565357718e-04,-5.526590394e-05
-2.433873742e-04,-1.396101288e-04
-2.581876179e-04,-1.716124243e-04
-2.412323811e-04,-1.543201797e-04
-1.426432864e-04,-2.758358605e-04
-1.669464109e-04,-2.741982462e-04
-1.736012928e-04,-2.305380476e-04
-9.473951650e-05,-2.943765139e-04
-7.396793080e-05,-2.836631902e-04
-1.292528214e-05,-2.980362042e-04
4.082167777e-07,-2.950457856e-04
4.085490218e-05,-2.680085599e-04
1.034782035e-04,-2.703866339e-04
1.315787085e-04,-2.592128876e-04
1.433837606e-04,-2.551212383e-04
1.590811298e-04,-2.701635531e-04
2.381422673e-04,-2.342404769e-04
2.295364975e-04,-1.956924680e-04
2.441326069e-04,-1.736582635e-04
2.664658532e-04,-1.467112015e-04
2.559756394e-04,-7.110566366e-05
2.967925684e-04,-2.286963172e-05
2.882390108e-04,-8.339963824e-05
3.024269245e-04,-3.664457381e-06
3.516644938e-04,5.989394413e-05
3.309498716e-04,4.295769486e-06
2.295554732e-04,1.116994972e-04
2.640260500e-04,1.615161891e-04
2.515327360e-04,1.813004637e-04
1.484627428e-04,2.927388996e-04
1.990009332e-04,2.130796638e-04
1.663673174e-04,2.104926971e-04
8.094558871e-05,2.861362300e-04
4.903347872e-05,2.772313892e-04
2.787266021e-05,3.194960591e-04
1.096963933e-05,3.126892843e-04
-3.082985859e-05,3.025171172e-04
-5.909649553e-05,2.936692326e-04
-9.410820348e-05,2.847786527e-04
-1.709811186e-04,2.867865260e-04
-2.162029850e-04,2.243483468e-04
-2.069231850e-04,2.546180913e-04
-1.940548536e-04,2.716540184e-04
-2.332911390e-04,1.794587297e-04
-2.828847209e-04,1.255503885e-04
-2.585246402e-04,1.003026555e-04
-3.212808224e-04,9.005452011e-05
-2.783468808e-04,4.959358921e-05
-2.683977655e-04,-3.912235479e-05
-3.632322187e-04,-1.883493132e-05
-2.538918343e-04,-4.244979573e-05
-3.046198981e-04,-9.870301437e-05
-3.065185738e-04,-8.470023022e-05
-2.171523374e-04,-2.174086549e-04
-1.786755311e-04,-2.352989977e-04
-1.352194377e-04,-2.272485726e-04
-1.687121985e-04,-2.115702082e-04
-1.063452146e-04,-2.359492937e-04
-8.892005280e-05,-3.308407031e-04
-4.258270565e-05,-2.502511197e-04
6.288911391e-05,-2.602714230e-04
8.890581739e-06,-2.890032192e-04
7.250119961e-05,-2.263561910e-04
1.238795521e-04,-2.547842159e-04
1.175569341e-04,-2.679136232e-04
2.564977913e-04,-2.506023739e-04
2.383653627e-04,-1.914156892e-04
2.310032287e-04,-2.113281225e-04
2.550832578e-04,-1.812814735e-04
2.234749409e-04,-7.898994227e-05
2.457844676e-04,-1.316688868e-04
2.893924539e-04,-4.853032806e-05
3.087685036e-04,-3.441362196e-06
3.068128717e-04,4.091661140e-06
2.922927088e-04,7.848679525e-05
3.053271503e-04,7.824946078e-05
3.067226789e-04,1.198448444e-04
2.536355169e-04,1.803511113e-04
2.628773509e-04,1.767056528e-04
2.355410688e-04,1.462127984e-04
2.400599333e-04,1.894268207e-04
2.046542504e-04,1.898540213e-04
9.384713485e-05,2.580974251e-04
1.120317684e-04,3.105342912e-04
1.887290455e-05,2.284352522e-04
-1.589671956e-05,3.217649937e-04
-9.184876944e-06,3.495474812e-04
-1.018975527e-04,2.632286050e-04
-8.088862523e-05,2.283830399e-04
-1.440720371e-04,2.265223302e-04
-2.031495533e-04,2.141191944e-04
-1.766486821e-04,1.972921164e-04
-2.321946522e-04,1.817276643e-04
-2.776586043e-04,1.573865447e-04
-2.297785686e-04,1.643404685e-04
-2.370837465e-04,1.046886173e-04
-2.964223386e-04,6.550929538e-05
-3.115548461e-04,3.654014654e-05
-3.223773383e-04,-2.724134902e-05
-3.143838840e-04,-4.894329322e-05
-2.768753911e-04,-9.031558875e-05
-2.212962136e-04,-1.377304434e-04
-2.018489467e-04,-1.303303288e-04
-2.608315262e-04,-1.889426494e-04
-2.217044239e-04,-2.513286308e-04
-1.630019106e-04,-2.366375702e-04
-1.757420687e-04,-2.369176218e-04
-1.038911651e-04,-2.677284938e-04
-6.113757991e-05,-3.453229147e-04
-7.680171620e-06,-3.647179401e-04
3.594206282e-05,-2.898576495e-04
2.381897320e-05,-3.215419129e-04
5.957591566e-05,-3.035044065e-04
9.665718972e-05,-1.984075934e-04
1.374551357e-04,-3.023509635e-04
1.320771116e-04,-2.951549541e-04
1.766344503e-04,-1.748829091e-04
2.422908874e-04,-1.761123131e-04
2.648852242e-04,-1.540780941e-04
3.129503748e-04,-1.524594700e-04
2.743833757e-04,-1.156250291e-04
2.905458969e-04,-9.238040366e-05
3.172841098e-04,-5.371847874e-05
3.116497537e-04,6.653458695e-05
3.687194258e-04,9.039153520e-05
2.949318732e-04,1.401844784e-04
2.243483468e-04,1.788843801e-04
2.604043111e-04,1.518281497e-04
2.118882403e-04,1.568644075e-04
2.067190653e-04,1.995040802e-04
1.611222106e-04,2.564598108e-04
8.882986731e-05,2.348717826e-04
1.214967051e-04,2.776586043e-04
9.174909064e-05,2.603853354e-04
3.523955093e-05,2.713929571e-04
7.642197488e-06,3.236446937e-04
-1.137785603e-05,2.391485759e-04
-9.022065205e-05,3.056641726e-04
-1.045034951e-04,3.032623499e-04
-1.257212716e-04,2.458414237e-04
-1.837544987e-04,2.495818189e-04
-1.763354085e-04,1.607899321e-04
-2.255350119e-04,1.296230621e-04
-2.504932054e-04,9.182029316e-05
-2.415836352e-04,1.207751993e-04
-2.325459063e-04,1.230773487e-04
-2.406342974e-04,7.153287152e-05
-3.311017645e-04,-1.461510965e-05
-2.745352685e-04,-8.620493463e-05
-2.126334730e-04,-2.261331065e-05
-2.949888294e-04,-7.910386194e-05
-2.642349282e-04,-1.197499150e-04
-2.416595817e-04,-8.129684284e-05
-2.576512343e-04,-1.311325177e-04
-2.125575265e-04,-2.239211317e-04
-1.493551244e-04,-2.600673179e-04
-1.524594700e-04,-2.119641867e-04
-1.587251172e-04,-2.161840093e-04
-6.599345943e-05,-3.012544767e-04
-1.033832723e-05,-3.383499861e-04
2.049153227e-05,-2.925157896e-04
8.639005682e-05,-2.731966961e-04
8.737737517e-05,-3.032053646e-04
1.675397507e-04,-2.782519441e-04
1.667423057e-04,-2.636368445e-04
1.300170406e-04,-2.383131505e-04
1.832323615e-04,-1.778021397e-04
2.003205154e-04,-1.431606652e-04
2.535595850e-04,-1.611601765e-04
2.137489500e-04,-1.153449703e-04
2.910443000e-04,-4.483264274e-05
3.038746654e-04,7.832065876e-07
2.859890810e-04,7.457076208e-06
3.105722717e-04,-4.063180677e-05
2.515707165e-04,6.744120765e-05
2.874557977e-04,1.045414683e-04
2.159798896e-04,1.140965833e-04
2.175985283e-04,1.604529243e-04
2.392767346e-04,1.290677028e-04
1.533898176e-04,1.863034850e-04
1.486858382e-04,2.640640305e-04
1.497063786e-04,2.857279906e-04
7.447107782e-05,2.619090374e-04
8.676505240e-05,2.670022368e-04
7.852476847e-05,2.835160412e-04
-4.897651888e-05,3.099029709e-04
-7.927000115e-05,3.373674117e-04
-9.230445721e-05,2.745352685e-04
-1.109922378e-04,2.741792705e-04
-1.789935632e-04,2.668930683e-04
-1.852782007e-04,2.061257401e-04
-1.779350423e-04,1.806501532e-04
-2.925157896e-04,1.294379472e-04
-2.085418091e-04,1.858905161e-04
-1.826200460e-04,1.115713385e-04
-3.199802304e-04,5.959490227e-05
-2.827518038e-04,1.161234322e-04
-3.123760107e-04,6.730830137e-06
-3.463861649e-04,-4.161437755e-05
-3.073539992e-04,-9.120797040e-05
-3.014775866e-04,-1.094495601e-04
-2.825667034e-04,-9.373795911e-05
-2.843894181e-04,-1.463599474e-04
-1.845899242e-04,-1.728940406e-04
-1.463409571e-04,-2.408573782e-04
-1.529626170e-04,-3.038034483e-04
-1.537220960e-04,-2.941344283e-04
-1.226311579e-04,-2.879589447e-04
-6.100942119e-05,-2.647333313e-04
-1.172436555e-06,-3.247981367e-04
3.994353756e-05,-3.499746672e-04
1.076553053e-05,-2.770985011e-04
7.278125122e-05,-2.763580123e-04
9.544677596e-05,-2.709087858e-04
1.427524548e-04,-3.071498941e-04
1.387177472e-04,-2.717252064e-04
1.685602911e-04,-1.780632010e-04
2.657776058e-04,-1.508028654e-04
2.326408430e-04,-1.159952662e-04
2.601812303e-04,-1.267228217e-04
2.800746879e-04,-1.136314095e-04
2.987624612e-04,-6.948703958e-05
2.552873630e-04,-4.889107913e-06
2.925537701e-04,6.450774526e-05
3.442833840e-04,-4.965055268e-06
2.730115666e-04,5.388935824e-05
2.948416804e-04,1.333065011e-04
1.984645496e-04,1.903381926e-04
1.877322502e-04,2.023663401e-04
2.013647900e-04,1.409866818e-04
1.515291078e-04,2.315253660e-04
1.637661189e-04,2.577224222e-04
1.057471309e-04,3.356728412e-04
1.142484834e-04,3.428498749e-04
8.265439828e-05,2.916803642e-04
4.466650716e-05,2.957530378e-04
-4.946068202e-06,2.577794075e-04
-7.491726865e-05,2.685828949e-04
-1.151930774e-04,2.872706682e-04
-2.065719309e-04,2.306329843e-04
-1.858572941e-04,2.003015252e-04
-1.814665884e-04,2.122964506e-04
-2.381422673e-04,1.842956262e-04
-2.306139941e-04,2.068852045e-04
-2.755937749e-04,1.061933217e-04
-2.598632127e-04,9.509552183e-05
-2.618141007e-04,1.006159364e-04
-3.046578786e-04,3.129503602e-05
-2.585056354e-04,1.673688712e-05
-2.830318699e-04,-5.567412154e-05
-2.930901537e-04,-1.409487013e-04
-2.479632094e-04,-1.675207750e-04
-2.522020077e-04,-1.121836613e-04
-2.652364783e-04,-1.386038348e-04
-2.178928262e-04,-2.069991315e-04
-2.175605478e-04,-2.091731149e-04
-1.546334533e-04,-2.394476178e-04
-8.798969793e-05,-3.002861631e-04
-7.610869216e-05,-3.088397207e-04
-3.882806050e-05,-3.078381706e-04
-2.575562939e-05,-3.041737073e-04
2.304051304e-05,-2.833688923e-04
1.140965833e-04,-2.731017594e-04
1.186344380e-04,-2.988004417e-04
1.180031250e-04,-2.354461467e-04
1.695665997e-04,-2.210541279e-04
1.838826720e-04,-2.077206300e-04
2.151966910e-04,-1.887575345e-04
2.272485726e-04,-1.596744696e-04
3.090295941e-04,-1.156772414e-04
3.479857987e-04,-7.164679118e-05
3.183616209e-04,-4.440543853e-05
2.402640530e-04,-5.111728387e-05
2.588948701e-04,1.627170968e-05
2.611638047e-04,7.270530477e-05
2.463825513e-04,1.140253880e-04
2.516608802e-04,1.212024072e-04
1.699558343e-04,1.811153343e-04
1.991860481e-04,2.242534101e-04
1.535939373e-04,2.773785382e-04
1.056759284e-04,2.642681357e-04
1.140063978e-04,2.498571412e-04
1.162943081e-04,2.762630756e-04
8.246928337e-05,2.633567783e-04
-1.115476039e-06,2.842232934e-04
2.255634899e-05,2.680987236e-04
7.974467167e-07,2.876789076e-04
-1.013421861e-04,2.696271695e-04
-1.154351557e-04,2.691952104e-04
-9.039153520e-05,2.813752799e-04
-1.303682948e-04,2.213531698e-04
-1.810963440e-04,2.173374523e-04
-2.016068756e-04,1.973822946e-04
-2.880918619e-04,1.997461659e-04
-3.328295716e-04,1.445372181e-04
-2.757077164e-04,7.865767839e-05
-2.539298148e-04,8.968427574e-05
-2.913433709e-04,-3.302283949e-05
-3.087685036e-04,-5.895409686e-06
-2.825667034e-04,-6.636370381e-05
-2.728406980e-04,-1.854633156e-04
-2.768421546e-04,-1.095255066e-04
-2.442228142e-04,-1.566603023e-04
-2.352989977e-04,-2.150115615e-04
-2.078535326e-04,-2.632665855e-04
-1.723908936e-04,-2.618900326e-04
-1.521604281e-04,-2.908781753e-04
-1.381766342e-04,-3.195340396e-04
-1.153259800e-04,-2.542478323e-04
2.571765617e-05,-2.761871147e-04
-2.639168770e-06,-2.752947330e-04
4.628038823e-06,-2.480723779e-04
1.176850928e-04,-2.241774637e-04
1.134272970e-04,-1.946339617e-04
1.415230508e-04,-2.810240258e-04
1.820979087e-04,-2.491356281e-04
1.944820688e-04,-1.742516033e-04
2.033726487e-04,-1.716314146e-04
2.475170186e-04,-1.003026555e-04
2.855998464e-04,-8.650398377e-05
2.658677695e-04,-8.008643636e-05
2.983542508e-04,-5.444472481e-05
3.198520862e-04,8.591538972e-06
2.466768492e-04,2.127473817e-05
2.932230418e-04,1.950421756e-05
3.023889440e-04,1.194176439e-04
2.887611627e-04,1.506747067e-04
2.487796301e-04,1.537410863e-04
1.630398765e-04,1.898920018e-04
1.638942776e-04,2.128945343e-04
1.672407088e-04,1.986686548e-04
1.570542809e-04,2.704625949e-04
5.237990626e-05,2.983352460e-04
9.083772602e-05,2.502511197e-04
1.422587957e-05,3.127462696e-04
-6.946804933e-05,3.141607740e-04
1.476225771e-05,2.765431127e-04
-9.176332969e-05,2.548791526e-04
-7.716720575e-05,2.769323473e-04
-1.387936936e-04,2.622982720e-04
-2.551592188e-04,2.037049126e-04
-1.646585006e-04,2.629485680e-04
-2.294605365e-04,2.159609139e-04
-2.575942781e-04,1.527205313e-04
-2.431073226e-04,1.455435122e-04
-3.247032000e-04,4.740061195e-05
-2.596780832e-04,2.651510295e-05
-2.678424062e-04,1.452492256e-06
-3.598668263e-04,-1.586349390e-05
-2.910822805e-04,5.487192993e-06
-2.712790156e-04,-9.055766714e-05
-2.089690097e-04,-1.194366341e-04
-1.857243915e-04,-1.694526727e-04
-2.524440933e-04,-1.963047980e-04
-1.878461626e-04,-2.128185879e-04
-2.013268095e-04,-2.639548620e-04
-1.604339341e-04,-2.241964394e-04
-1.413189457e-04,-3.102542250e-04
-9.135511209e-05,-3.132683923e-04
-5.221377251e-07,-2.613109536e-04
2.517653229e-05,-3.440412984e-04
8.399297076e-05,-2.832169994e-04
9.580278129e-05,-2.580974251e-04
8.713528950e-05,-3.088966769e-04
1.382715564e-04,-2.698692551e-04
1.696947584e-04,-2.368796413e-04
1.990768797e-04,-1.920090290e-04
2.820445516e-04,-1.961006928e-04
1.912115840e-04,-1.671884966e-04
2.780288341e-04,-1.339188311e-04
3.234216128e-04,-4.035175152e-05
2.876789076e-04,-3.256240689e-06
3.058493021e-04,-4.447664105e-05
1.866927196e-04,-7.495049886e-06
2.712980204e-04,2.476831469e-05
2.739039483e-04,1.050256324e-04
2.258720342e-04,1.509547583e-04
2.219654998e-04,1.913966989e-04
2.055846126e-04,2.204417979e-04
2.072032366e-04,2.283070935e-04
1.519183425e-04,2.333101293e-04
1.540780941e-04,2.647143265e-04
8.955136582e-05,2.972957154e-04
6.006007970e-05,2.824765106e-04
2.683313141e-05,2.655924764e-04
5.059989235e-06,2.649041999e-04
2.075260090e-05,2.762440708e-04
-1.320771116e-04,2.268403623e-04
-1.336055429e-04,1.929014106e-04
-1.038342089e-04,2.952309151e-04
-1.825440995e-04,2.506593300e-04
-1.426765084e-04,1.819127792e-04
-1.910264546e-04,2.383321407e-04
-2.194212575e-04,2.103835286e-04
-2.653503907e-04,1.482586376e-04
-3.699820372e-04,4.907145194e-05
-2.585436159e-04,2.304051304e-05
-2.810240258e-04,1.889189298e-05
-3.387439647e-04,1.013421843e-05
-2.932420466e-04,-2.895016405e-05
-2.952498908e-04,-1.131852187e-04
-3.046009224e-04,-1.344979246e-04
-2.268593526e-04,-1.692485675e-04
-1.996891951e-04,-2.053994831e-04
-2.379381622e-04,-2.312832803e-04
-1.746598136e-04,-2.483524440e-04
-1.274300885e-04,-2.711508714e-04
-9.163517097e-05,-2.694563009e-04
-7.958802598e-05,-2.597160637e-04
-3.609395571e-05,-3.030582156e-04
2.819069050e-05,-2.746634418e-04
1.006728999e-04,-2.642491600e-04
7.872887363e-05,-2.740890777e-04
1.295328693e-04,-2.376960765e-04
1.517901837e-04,-2.453240450e-04
1.196597295e-04,-2.545278985e-04
1.815805153e-04,-2.109578782e-04
1.714795217e-04,-1.493171440e-04
2.416785719e-04,-1.641933341e-04
3.308596788e-04,-1.509737485e-04
3.210957220e-04,-1.329694933e-04
3.000820579e-04,-4.483264274e-05
3.226383997e-04,1.716409133e-05
2.718581236e-04,6.882724506e-07
2.396517229e-04,-5.800475265e-06
2.644390333e-04,7.908487896e-05
2.485755249e-04,1.482776133e-04
2.370267903e-04,9.396105452e-05
2.373068419e-04,1.958396169e-04
2.009565651e-04,2.120923455e-04
1.406164374e-04,2.681936603e-04
1.096726555e-04,2.957862744e-04
1.006349266e-04,2.434253547e-04
7.802161417e-05,2.848925942e-04
1.385088945e-05,2.662427723e-04
2.004534144e-05,3.184185771e-04
-7.692512736e-05,2.860792447e-04
-9.565088112e-05,2.982403093e-04
-6.021197260e-05,2.842945105e-04
-1.600636897e-04,2.147315099e-04
-1.583738631e-04,2.147694904e-04
-1.928634301e-04,1.920280192e-04
-2.411564346e-04,2.130986395e-04
-2.703296777e-04,1.495212637e-04
-2.882200351e-04,1.129811135e-04
-2.959903795e-04,1.232814684e-04
-3.117257147e-04,3.970145553e-05
-3.022940073e-04,2.316867540e-05
-3.164297086e-04,8.795646863e-06
-2.891124168e-04,-1.020114723e-04
-2.427750587e-04,-1.231722854e-04
-2.883861598e-04,-1.002456993e-04
-2.677284938e-04,-1.519183425e-04
-1.813004637e-04,-1.923650270e-04
-2.173184621e-04,-2.093202638e-04
-1.557489304e-04,-2.485375444e-04
-1.007630854e-04,-2.590989752e-04
